Train
162 5 3 : 2
175 221 221 : 15
265 4 331 : 12
3 3 5 : 161
78 3 195 : 1
3 3 7 : 57
3 3 6 : 2536
3 3 3 : 24382
6 114 120 : 22
85 195 5 : 15
308 308 3 : 26
268 45 45 : 61
6 6 54 : 26
120 120 3 : 11
5 6 220 : 12
309 309 54 : 0
104 142 146 : 0
104 142 142 : 0
3 265 43 : 0
4 311 240 : 9
102 196 102 : 0
78 265 13 : 1
33 195 195 : 37
140 91 5 : 3
33 195 196 : 38
42 4 168 : 9
3 3 4 : 893
265 142 119 : 0
197 192 3 : 2457
5 78 78 : 3
309 3 309 : 7
197 192 6 : 884
140 91 6 : 120
4 10 10 : 5
6 13 195 : 19
54 5 54 : 9
3 125 125 : 15
54 195 199 : 7
221 4 63 : 18
196 5 91 : 0
54 195 195 : 12
54 195 196 : 15
175 120 120 : 6
122 174 174 : 6
54 212 15 : 6
33 5 5 : 48
265 5 102 : 1
4 3 195 : 5
192 6 60 : 5
6 33 125 : 12
175 3 265 : 0
301 301 6 : 11
120 6 3 : 227
240 5 221 : 12
120 6 6 : 155
195 85 102 : 0
192 180 180 : 14
195 5 125 : 16
78 33 78 : 15
6 3 120 : 21
195 5 120 : 6
168 146 265 : 12
33 5 221 : 17
195 33 33 : 33
119 174 175 : 44
256 265 265 : 68
120 57 175 : 10
122 4 78 : 5
114 195 120 : 35
142 3 3 : 341
33 6 3 : 14
104 104 142 : 0
142 3 6 : 10
140 197 140 : 13
33 6 5 : 17
6 196 5 : 8
120 120 6 : 12
27 221 140 : 16
45 3 175 : 5
4 6 265 : 12
114 114 114 : 12
7 78 168 : 5
175 91 265 : 0
201 206 5 : 0
3 175 120 : 25
10 196 91 : 11
78 125 192 : 0
240 265 140 : 9
221 6 63 : 15
102 142 265 : 0
43 265 168 : 0
54 195 5 : 9
85 85 174 : 6
3 7 308 : 18
221 220 6 : 49
125 3 78 : 2
265 146 265 : 5
175 3 4 : 31
175 3 7 : 28
6 78 196 : 11
191 221 63 : 6
6 268 13 : 0
175 3 3 : 44
3 168 146 : 465
3 4 174 : 10
4 175 175 : 156
122 122 331 : 6
3 5 54 : 20
142 7 142 : 96
120 174 7 : 8
221 102 142 : 3
197 221 143 : 27
91 10 10 : 10
209 211 5 : 15
91 174 33 : 12
265 265 43 : 0
180 45 180 : 34
211 5 5 : 14
6 309 102 : 0
142 3 104 : 0
192 4 3 : 9
63 63 221 : 8
3 221 5 : 11
175 174 6 : 35
175 174 7 : 38
120 3 175 : 14
265 13 78 : 0
3 11 45 : 5
33 199 195 : 13
4 140 4 : 240
265 221 221 : 159
142 102 6 : 0
195 4 5 : 9
3 5 125 : 5
168 265 168 : 171
3 6 265 : 11
125 125 240 : 10
3 265 146 : 3
142 104 146 : 0
6 102 142 : 0
19 3 196 : 13
142 104 142 : 0
78 78 104 : 0
5 5 13 : 8
5 142 4 : 0
5 5 221 : 28
5 5 220 : 110
6 192 5 : 25
229 195 226 : 10
6 192 6 : 53
43 168 168 : 0
102 102 240 : 16
221 5 5 : 12
125 91 102 : 7
221 143 3 : 21
5 4 265 : 12
4 42 4 : 5
175 120 175 : 240
78 78 195 : 20
5 221 140 : 51
78 78 197 : 1
78 78 196 : 12
122 4 4 : 7
78 78 192 : 1
3 7 120 : 11
197 192 4 : 134
175 54 175 : 43
5 221 142 : 22
197 192 5 : 27
196 195 196 : 77
3 78 240 : 5
7 91 195 : 6
168 45 78 : 0
54 54 309 : 215
142 174 3 : 6
11 33 5 : 15
146 142 78 : 0
163 163 146 : 0
91 140 3 : 15
104 104 3 : 0
125 174 174 : 5
42 174 174 : 8
140 140 197 : 14
5 197 91 : 5
41 41 6 : 6
168 119 168 : 40
5 102 309 : 0
6 4 120 : 9
265 195 340 : 0
64 78 45 : 13
120 5 114 : 9
146 265 146 : 2
85 195 102 : 0
146 265 142 : 0
54 3 142 : 0
33 195 201 : 28
6 91 140 : 8
195 140 140 : 99
175 5 197 : 7
240 78 33 : 15
192 140 5 : 9
195 102 102 : 96
3 168 19 : 0
120 6 120 : 41
265 340 265 : 0
196 19 19 : 9
3 4 195 : 10
43 168 3 : 0
6 221 195 : 5
78 102 78 : 25
6 221 197 : 33
195 85 85 : 10
195 91 6 : 9
195 91 5 : 27
13 175 174 : 90
168 7 3 : 84
196 91 5 : 1
54 45 45 : 21
41 54 212 : 6
3 3 78 : 126
19 265 265 : 0
195 196 33 : 0
146 45 45 : 16
54 45 3 : 8
192 192 197 : 9
19 19 221 : 7
192 192 192 : 1245
45 3 4 : 6
45 3 5 : 6
45 3 6 : 166
5 45 221 : 7
192 140 195 : 5
45 3 3 : 551
78 45 195 : 6
146 142 104 : 0
78 102 168 : 21
146 142 102 : 0
102 3 7 : 7
175 54 3 : 8
6 118 6 : 9
3 221 221 : 27
309 10 102 : 0
5 125 33 : 5
174 174 142 : 5
7 308 3 : 207
45 3 45 : 171
197 192 192 : 2674
221 5 3 : 15
197 192 195 : 20
168 168 122 : 10
197 192 197 : 31
265 19 168 : 0
6 3 13 : 1
162 3 5 : 0
221 168 102 : 70
159 78 5 : 8
197 3 91 : 5
265 311 78 : 7
142 78 195 : 0
3 168 240 : 8
94 6 78 : 10
221 41 41 : 6
78 120 240 : 0
168 43 168 : 0
5 6 5 : 155
240 240 265 : 357
192 102 102 : 5
174 4 3 : 5
1 1 1 : 440
174 4 6 : 8
125 91 258 : 151
125 6 6 : 14
6 6 66 : 0
168 3 43 : 0
265 168 3 : 452
168 54 265 : 18
6 6 63 : 30
91 33 6 : 9
91 33 5 : 23
120 7 175 : 22
240 102 102 : 21
118 45 6 : 6
5 54 140 : 229
6 114 114 : 22
142 265 142 : 0
221 197 174 : 14
104 142 175 : 0
33 175 120 : 5
142 265 146 : 0
13 78 265 : 6
168 42 221 : 258
219 311 240 : 27
63 6 63 : 107
3 195 78 : 0
5 3 192 : 9
120 168 3 : 5
5 3 197 : 2752
5 3 195 : 62
6 195 220 : 7
78 125 78 : 0
265 142 102 : 0
265 142 104 : 0
196 102 85 : 0
78 4 265 : 3
221 221 11 : 36
6 102 168 : 11
221 175 195 : 11
6 114 195 : 20
122 331 120 : 6
97 12 174 : 20
45 45 13 : 20
120 7 3 : 11
6 192 125 : 19
63 120 114 : 51
45 91 195 : 115
120 7 7 : 10
120 7 6 : 6
120 7 5 : 5
33 3 33 : 80
201 54 195 : 15
265 104 104 : 0
197 4 220 : 5
85 196 5 : 5
175 162 195 : 85
33 45 5 : 7
4 5 54 : 13
192 6 78 : 24
221 221 5 : 12
102 78 142 : 0
265 104 175 : 0
221 221 6 : 34
102 78 146 : 0
221 221 3 : 16
5 5 309 : 0
180 125 125 : 35
102 309 27 : 0
175 104 175 : 0
85 196 102 : 0
142 13 142 : 0
240 240 311 : 5
4 6 13 : 12
196 78 265 : 993
120 6 7 : 33
3 3 331 : 20
5 240 5 : 6
85 102 27 : 0
3 3 175 : 77
168 168 43 : 0
4 3 54 : 6
3 3 174 : 24
5 220 220 : 115
5 220 221 : 45
168 265 4 : 6
240 331 240 : 5
102 140 78 : 0
3 142 119 : 0
45 174 174 : 18
240 4 240 : 62
78 195 102 : 2
78 195 104 : 0
220 5 3 : 6
4 4 142 : 7
4 4 140 : 66
240 125 78 : 0
63 6 120 : 25
196 196 5 : 14
140 140 6 : 367
45 175 5 : 31
3 33 195 : 15
142 146 142 : 0
45 180 180 : 34
142 146 146 : 0
4 78 78 : 87
60 60 183 : 0
196 78 195 : 19
78 13 13 : 0
5 195 196 : 8
196 78 196 : 78
221 221 195 : 18
45 64 78 : 19
265 240 240 : 1985
265 3 195 : 1
3 4 140 : 38
3 4 142 : 5
6 195 45 : 16
41 221 63 : 6
6 195 42 : 26
5 42 120 : 29
142 4 4 : 6
309 195 5 : 0
142 4 6 : 32
240 240 221 : 18
142 4 3 : 4
6 91 54 : 5
102 168 104 : 0
175 6 175 : 13
45 195 140 : 5
102 3 240 : 6
33 192 192 : 31
192 142 265 : 0
4 13 240 : 0
140 4 197 : 23
3 197 33 : 48
240 168 146 : 7
27 309 309 : 0
142 3 13 : 0
5 54 54 : 27
197 85 85 : 29
175 175 91 : 1
4 6 142 : 13
231 228 94 : 8
33 5 140 : 28
33 5 141 : 9
199 201 200 : 17
191 45 175 : 8
102 5 221 : 5
201 120 114 : 14
168 13 102 : 7
196 3 196 : 38
175 174 142 : 24
3 122 168 : 7
142 142 3 : 11
142 142 4 : 20
142 142 7 : 43
142 142 6 : 1
220 195 220 : 18
13 13 240 : 0
140 120 175 : 25
78 240 140 : 2
162 195 13 : 90
195 4 78 : 6
125 125 258 : 6
265 168 146 : 131
119 142 142 : 0
202 168 102 : 6
5 141 195 : 16
102 240 240 : 38
120 175 6 : 12
120 175 3 : 52
78 175 175 : 65
142 3 265 : 0
6 12 195 : 6
38 197 6 : 9
6 175 7 : 12
4 4 91 : 23
175 5 45 : 14
163 146 146 : 0
4 220 195 : 9
102 102 78 : 113
13 5 3 : 7
120 114 114 : 31
6 38 4 : 13
13 5 5 : 0
6 91 192 : 55
54 102 102 : 6
4 265 78 : 6
6 91 196 : 23
4 195 195 : 56
6 91 195 : 1183
5 6 91 : 84
175 175 3 : 204
6 91 199 : 16
175 175 5 : 101
175 175 4 : 58
175 175 7 : 58
175 175 6 : 20
140 3 140 : 377
54 175 54 : 10
102 4 168 : 55
78 78 180 : 14
174 3 195 : 20
33 6 6 : 27
11 3 3 : 6
6 175 195 : 8
104 175 3 : 0
191 192 6 : 7
91 13 13 : 1
140 3 221 : 74
6 78 146 : 2
200 195 195 : 8
142 3 4 : 15
6 78 142 : 0
146 122 168 : 5
162 54 122 : 6
195 331 120 : 12
180 180 78 : 70
4 331 4 : 29
118 6 6 : 6
118 6 5 : 63
4 197 192 : 22
146 265 175 : 0
168 102 183 : 0
5 5 125 : 12
146 142 265 : 0
5 4 197 : 20
5 192 6 : 74
195 196 40 : 17
5 192 5 : 38
125 258 311 : 5
6 6 196 : 6
54 54 195 : 14
54 54 197 : 6
3 175 54 : 20
159 45 45 : 8
119 168 119 : 36
240 219 91 : 9
27 102 27 : 0
78 142 13 : 0
195 196 78 : 28
3 10 221 : 8
220 220 5 : 74
220 220 4 : 15
220 220 6 : 101
221 118 6 : 6
195 175 195 : 37
54 5 197 : 7
91 91 174 : 9
120 114 5 : 50
221 3 3 : 105
102 309 195 : 0
102 309 196 : 0
221 3 6 : 9
7 7 119 : 31
91 192 192 : 7
168 102 91 : 0
221 195 195 : 11
240 265 265 : 64
120 102 102 : 0
5 102 5 : 3
6 265 6 : 0
197 91 6 : 10
102 168 91 : 0
309 54 3 : 0
120 240 78 : 0
201 199 3 : 6
3 45 6 : 80
66 63 63 : 0
3 45 5 : 33
120 6 174 : 39
3 6 195 : 813
3 6 196 : 20
3 6 197 : 30
6 6 240 : 9
6 3 142 : 12
78 5 196 : 18
78 5 197 : 77
13 142 4 : 18
265 265 13 : 1
5 207 94 : 12
120 4 4 : 5
6 38 5 : 5
45 192 5 : 26
104 175 175 : 0
265 175 175 : 0
45 45 33 : 6
27 221 3 : 47
33 3 125 : 6
175 3 104 : 0
7 195 195 : 9
6 7 120 : 9
91 192 5 : 6
168 102 168 : 781
114 3 6 : 10
142 102 78 : 0
168 168 91 : 0
114 162 162 : 0
220 197 5 : 13
91 6 91 : 68
45 199 200 : 5
45 199 201 : 14
240 42 120 : 6
3 91 142 : 0
196 195 33 : 14
3 91 140 : 9
3 240 265 : 7
91 195 5 : 1050
91 195 4 : 6
6 6 78 : 48
91 195 3 : 70
27 6 199 : 0
5 174 102 : 5
102 85 265 : 0
175 265 142 : 0
104 265 3 : 0
27 102 5 : 0
142 265 175 : 0
6 11 11 : 29
221 197 160 : 17
196 265 102 : 0
175 208 175 : 6
168 168 45 : 8
10 6 195 : 5
221 102 4 : 6
168 146 45 : 30
195 142 142 : 0
175 63 175 : 8
265 3 78 : 2
240 3 6 : 25
195 192 3 : 15
240 3 4 : 11
4 33 33 : 17
168 168 119 : 8
174 3 5 : 14
174 3 6 : 31
3 54 140 : 32
195 6 91 : 80
102 33 5 : 8
33 6 91 : 10
175 175 120 : 191
3 119 142 : 0
240 6 10 : 12
45 192 45 : 15
292 3 265 : 14
125 91 268 : 9
240 221 221 : 29
6 192 3 : 12
5 6 78 : 8
45 3 195 : 34
6 192 243 : 204
195 78 102 : 3
94 6 6 : 10
20 174 201 : 47
7 308 308 : 24
192 6 42 : 7
91 5 3 : 39
13 240 240 : 3
255 5 3 : 11
192 6 45 : 81
195 221 221 : 10
91 196 196 : 18
5 120 63 : 6
195 45 45 : 18
175 3 6 : 8
221 120 6 : 42
201 5 13 : 1
4 6 63 : 8
195 140 6 : 6
78 78 33 : 28
33 33 140 : 14
102 91 45 : 0
221 4 240 : 6
192 195 6 : 28
104 265 104 : 0
192 195 5 : 31
192 195 3 : 6
104 3 192 : 0
120 114 42 : 25
3 142 104 : 0
3 195 3 : 227
168 54 102 : 192
6 91 45 : 40
265 265 331 : 10
54 5 6 : 6
3 265 3 : 170
311 78 4 : 5
78 13 265 : 0
195 6 196 : 5
4 175 174 : 9
195 6 195 : 158
195 6 192 : 5
3 4 175 : 34
175 119 142 : 0
174 54 197 : 8
33 4 3 : 13
5 221 93 : 11
10 102 5 : 0
168 3 195 : 2
33 4 4 : 15
6 195 78 : 3
78 6 78 : 3
221 168 3 : 99
191 122 45 : 36
5 192 125 : 26
196 78 5 : 13
196 196 240 : 9
6 168 240 : 10
6 5 141 : 8
6 5 140 : 44
199 102 102 : 28
78 196 240 : 38
3 5 33 : 16
114 120 221 : 6
13 13 13 : 141
221 102 168 : 10
3 13 13 : 6
168 340 168 : 0
4 174 174 : 23
265 240 4 : 6
195 220 220 : 9
141 141 45 : 5
197 91 195 : 8
91 5 6 : 30
119 168 168 : 8
3 4 33 : 16
266 102 102 : 7
174 195 195 : 23
240 311 240 : 8
168 146 168 : 868
45 141 195 : 7
192 125 5 : 16
301 301 221 : 5
301 301 220 : 5
265 265 340 : 0
175 7 175 : 77
3 265 142 : 0
33 125 5 : 8
45 13 33 : 13
6 45 3 : 26
255 265 6 : 13
33 125 3 : 7
192 192 5 : 16
196 3 78 : 1
175 5 195 : 64
159 120 168 : 13
63 4 120 : 5
5 5 33 : 35
168 265 102 : 262
3 163 3 : 13
3 6 201 : 6
221 221 265 : 154
240 168 54 : 7
175 5 54 : 14
54 45 192 : 6
197 221 221 : 29
102 102 221 : 48
102 102 85 : 0
6 196 195 : 21
3 43 3 : 0
63 6 42 : 18
120 114 120 : 104
114 114 42 : 18
125 146 168 : 10
199 5 197 : 0
91 91 6 : 17
5 120 120 : 8
3 195 120 : 12
142 175 265 : 0
5 6 125 : 30
91 102 102 : 24
91 6 10 : 13
140 3 175 : 6
6 91 340 : 6
175 265 265 : 0
240 102 240 : 8
301 6 220 : 1
195 196 220 : 7
6 91 6 : 374
309 85 102 : 0
91 5 221 : 97
195 5 195 : 1463
240 240 168 : 55
3 33 33 : 129
159 192 125 : 7
5 140 3 : 18
78 5 207 : 13
91 3 91 : 1
6 120 114 : 46
4 142 142 : 7
13 4 4 : 2
20 33 5 : 6
63 3 3 : 7
140 191 221 : 6
4 265 331 : 14
174 174 45 : 19
174 174 42 : 14
221 102 6 : 4
102 5 140 : 3
195 5 192 : 36
220 195 4 : 8
146 265 168 : 12
3 43 168 : 0
162 114 114 : 0
221 175 5 : 7
176 3 176 : 7
240 78 13 : 4
195 5 3 : 574
142 104 3 : 0
265 13 240 : 0
114 5 141 : 5
10 10 10 : 13
114 63 114 : 5
45 199 5 : 5
195 102 168 : 16
102 6 265 : 128
197 91 91 : 9
221 63 6 : 133
199 213 5 : 8
221 63 4 : 24
102 4 240 : 20
85 40 195 : 5
5 140 5 : 5
7 7 102 : 1
102 27 10 : 0
3 309 54 : 0
6 268 5 : 14
5 60 197 : 9
78 240 5 : 7
78 102 102 : 14
45 45 120 : 10
168 102 163 : 0
175 7 3 : 5
6 91 168 : 11
175 7 7 : 19
78 6 195 : 7
63 175 195 : 8
102 6 195 : 98
54 102 6 : 180
120 6 102 : 1
146 146 168 : 61
5 3 78 : 1
57 175 54 : 27
196 3 19 : 20
85 309 102 : 0
146 146 163 : 0
142 119 3 : 0
4 140 120 : 9
3 140 3 : 362
142 102 102 : 0
3 140 4 : 5
33 265 168 : 9
3 140 6 : 36
265 4 6 : 15
175 175 208 : 5
265 168 168 : 184
45 192 192 : 5
195 195 240 : 17
162 114 162 : 0
175 175 201 : 8
4 197 140 : 23
19 19 3 : 147
265 78 240 : 10
91 196 195 : 5
91 155 157 : 7
3 219 140 : 5
195 220 6 : 29
240 240 240 : 5808
240 240 242 : 34
265 265 5 : 7
265 265 4 : 90
265 265 6 : 5
146 168 168 : 151
168 195 265 : 0
265 265 3 : 65
265 168 340 : 0
197 140 197 : 15
265 78 13 : 0
5 120 6 : 13
202 200 195 : 9
309 309 85 : 0
195 201 195 : 14
174 45 45 : 54
175 45 175 : 86
311 78 240 : 22
168 195 340 : 0
3 195 91 : 6
265 3 43 : 0
5 10 102 : 0
265 142 3 : 0
33 33 33 : 1032
265 265 78 : 73
102 120 102 : 0
265 168 292 : 9
175 146 3 : 0
168 78 195 : 19
13 195 195 : 116
146 104 3 : 0
3 120 120 : 11
221 175 175 : 10
221 175 174 : 6
196 309 102 : 0
195 120 120 : 8
168 168 102 : 571
91 91 91 : 177
91 6 102 : 17
195 201 120 : 17
140 221 3 : 5
142 6 142 : 4
3 142 265 : 0
265 168 195 : 4
140 140 42 : 20
240 4 168 : 20
4 5 4 : 8
240 240 13 : 9
78 5 5 : 29
45 5 45 : 14
39 196 5 : 6
4 5 5 : 38
13 33 33 : 0
7 3 7 : 7
13 195 174 : 24
13 265 4 : 0
168 102 192 : 0
192 33 192 : 17
140 6 45 : 21
174 27 221 : 63
309 5 5 : 0
3 78 78 : 66
3 4 91 : 6
3 3 221 : 26
3 3 220 : 7
33 175 175 : 10
143 3 195 : 14
240 240 331 : 8
3 13 102 : 0
240 78 4 : 9
3 33 5 : 13
3 33 4 : 1
3 33 6 : 13
3 33 3 : 35
3 4 308 : 6
54 142 142 : 0
146 104 142 : 0
240 4 265 : 8
240 331 265 : 10
78 195 3 : 4
43 43 168 : 0
11 33 192 : 12
78 195 4 : 11
140 197 192 : 144
3 91 195 : 6
192 45 45 : 34
146 78 102 : 0
142 265 265 : 0
78 195 78 : 8
3 125 78 : 0
78 3 140 : 2
6 78 195 : 15
6 7 4 : 6
102 142 102 : 3
221 221 175 : 17
38 4 78 : 11
142 13 102 : 0
5 197 221 : 16
104 265 265 : 0
78 265 311 : 7
13 78 240 : 5
289 11 45 : 7
174 175 11 : 18
4 221 221 : 112
221 3 195 : 25
125 268 5 : 10
191 122 54 : 19
6 85 195 : 9
102 6 240 : 26
6 91 78 : 21
4 45 4 : 11
3 175 195 : 13
168 54 3 : 9
168 3 340 : 0
102 265 78 : 12
5 175 195 : 21
91 192 195 : 28
60 5 60 : 11
4 221 27 : 16
78 125 125 : 1
197 221 195 : 9
91 6 54 : 12
6 3 192 : 11
140 54 140 : 66
6 3 195 : 74
6 201 199 : 24
33 6 33 : 54
85 195 195 : 38
140 120 6 : 21
104 104 265 : 0
3 125 3 : 14
13 13 5 : 7
13 13 4 : 2
240 265 221 : 109
6 3 33 : 16
240 220 220 : 7
268 5 197 : 25
140 3 54 : 7
309 102 195 : 0
3 265 175 : 0
33 195 78 : 8
6 120 3 : 13
140 78 195 : 1
146 3 104 : 0
265 4 4 : 38
102 4 6 : 11
220 6 197 : 11
168 168 195 : 2
195 196 102 : 0
240 54 54 : 0
102 10 309 : 0
78 146 6 : 0
33 33 199 : 10
5 5 45 : 34
33 33 197 : 10
33 33 196 : 11
33 33 195 : 84
4 91 91 : 13
3 168 265 : 59
33 33 192 : 46
114 114 5 : 17
301 301 301 : 120
6 5 162 : 0
102 195 5 : 7
175 146 142 : 0
102 142 4 : 0
221 221 221 : 4991
102 142 6 : 0
240 196 78 : 1094
102 102 91 : 9
195 197 192 : 9
125 5 197 : 6
196 195 6 : 7
195 197 195 : 54
114 11 45 : 6
202 5 197 : 11
4 91 78 : 5
195 195 4 : 89
240 180 180 : 66
6 91 13 : 7
309 102 85 : 0
240 78 219 : 56
91 38 118 : 17
102 78 78 : 43
6 33 3 : 31
6 33 6 : 54
6 33 5 : 2665
168 3 168 : 400
102 13 102 : 116
175 54 140 : 24
6 13 85 : 16
125 125 122 : 9
45 175 221 : 11
125 125 125 : 2518
3 5 6 : 43
43 3 43 : 0
7 174 174 : 57
6 265 102 : 5
7 175 120 : 13
102 102 309 : 0
5 175 175 : 61
180 180 91 : 9
5 5 102 : 14
5 192 91 : 17
202 175 13 : 6
102 102 122 : 6
195 220 5 : 16
4 194 118 : 14
174 174 54 : 27
174 174 57 : 27
54 3 195 : 11
120 5 120 : 17
142 142 104 : 0
120 4 120 : 8
120 240 240 : 1
85 5 309 : 0
6 4 240 : 9
43 265 265 : 0
6 63 6 : 154
4 4 33 : 7
5 27 174 : 8
4 5 6 : 9
3 168 45 : 8
54 54 221 : 7
163 168 168 : 0
265 54 146 : 0
78 142 78 : 66
3 168 43 : 0
195 206 60 : 0
168 104 91 : 0
91 142 142 : 0
195 140 78 : 0
43 168 265 : 0
45 6 195 : 19
45 6 196 : 9
85 195 85 : 58
6 142 146 : 0
102 27 27 : 0
6 142 142 : 11
195 340 340 : 0
7 7 175 : 29
140 3 219 : 6
91 195 91 : 9
13 3 3 : 6
4 3 175 : 9
54 309 309 : 9
91 201 195 : 12
91 5 140 : 15
168 78 3 : 1
54 85 196 : 7
3 265 221 : 13
174 174 195 : 54
78 192 125 : 0
102 146 78 : 0
120 6 114 : 30
6 120 120 : 10
102 265 3 : 9
168 4 168 : 336
192 125 195 : 7
192 45 78 : 6
45 33 196 : 6
6 6 221 : 22
45 33 192 : 377
5 3 45 : 44
4 7 3 : 18
6 7 142 : 17
221 168 240 : 27
228 94 6 : 8
146 6 78 : 0
194 118 6 : 14
5 54 3 : 20
102 6 142 : 0
5 54 6 : 15
5 54 5 : 19
196 195 3 : 12
174 6 91 : 6
175 140 120 : 26
102 27 102 : 0
196 195 5 : 60
4 240 331 : 7
6 197 5 : 13
168 168 265 : 108
91 197 197 : 20
91 197 195 : 6
6 197 3 : 29
265 168 4 : 38
4 91 6 : 11
142 146 3 : 0
221 63 195 : 33
6 5 41 : 27
142 102 13 : 0
6 13 5 : 8
6 11 33 : 11
3 140 140 : 349
140 6 195 : 200
7 3 42 : 5
91 4 11 : 5
6 6 91 : 48
3 175 45 : 10
39 5 4 : 9
63 6 3 : 30
45 102 102 : 9
63 6 5 : 73
192 6 125 : 243
221 197 140 : 11
63 6 6 : 33
5 309 85 : 0
41 41 60 : 20
78 91 6 : 8
142 265 119 : 0
195 340 168 : 0
240 13 78 : 8
122 4 5 : 6
221 6 240 : 6
45 5 192 : 6
33 33 45 : 10
265 4 240 : 28
191 122 268 : 51
265 104 3 : 0
240 265 168 : 17
125 91 195 : 11
175 175 104 : 0
265 5 6 : 0
13 102 102 : 117
265 5 4 : 6
140 27 174 : 13
140 197 3 : 24
195 221 5 : 9
27 7 7 : 0
265 4 78 : 18
4 221 168 : 6
3 19 19 : 151
195 40 195 : 5
265 168 240 : 10
3 3 120 : 28
33 195 140 : 6
3 3 122 : 11
141 141 33 : 9
146 146 3 : 17
175 6 3 : 28
221 66 6 : 20
33 3 45 : 7
122 45 45 : 47
125 91 175 : 10
265 104 146 : 0
13 240 265 : 0
11 11 11 : 118
265 104 142 : 0
38 6 6 : 26
175 104 142 : 0
196 3 3 : 25
174 6 199 : 3
19 196 19 : 13
65 174 191 : 7
180 180 6 : 7
168 3 78 : 11
3 6 175 : 40
78 78 10 : 0
78 78 13 : 2
114 63 6 : 71
114 63 5 : 8
292 292 3 : 7
157 266 160 : 19
265 240 168 : 8
4 33 5 : 14
45 192 163 : 0
120 114 63 : 104
45 175 45 : 30
125 195 3 : 4
256 265 3 : 12
125 195 5 : 24
42 221 5 : 5
45 175 42 : 6
78 13 240 : 1
78 78 221 : 6
212 15 54 : 6
125 125 54 : 10
7 3 195 : 12
4 122 122 : 6
240 265 102 : 34
4 4 195 : 29
4 4 194 : 14
4 4 197 : 7
221 221 160 : 8
200 33 195 : 42
3 197 6 : 34
102 102 255 : 13
102 85 10 : 0
197 140 45 : 6
221 221 168 : 221
240 5 5 : 25
168 43 265 : 0
197 63 41 : 6
240 5 3 : 16
221 220 221 : 11
7 3 175 : 10
197 197 192 : 288
197 197 195 : 8
13 102 91 : 1
33 13 33 : 0
6 168 265 : 2
3 7 240 : 5
78 168 265 : 9
3 174 174 : 13
221 42 120 : 6
197 220 5 : 25
174 3 45 : 6
142 142 119 : 0
174 3 42 : 11
192 91 4 : 8
174 122 91 : 0
174 175 4 : 11
221 102 102 : 20
3 4 13 : 31
102 78 240 : 9
195 54 140 : 15
3 4 19 : 8
122 54 45 : 21
4 4 265 : 56
3 114 42 : 7
91 192 45 : 12
5 125 3 : 13
5 125 5 : 6
175 174 174 : 68
175 174 175 : 176
168 146 146 : 70
176 162 3 : 107
91 195 192 : 9
6 3 140 : 28
146 3 175 : 0
301 295 301 : 5
3 265 168 : 769
3 6 221 : 11
175 5 175 : 98
175 195 307 : 5
146 163 163 : 0
265 221 265 : 36
27 102 102 : 0
197 221 3 : 32
195 33 120 : 7
159 120 140 : 23
125 240 91 : 9
5 5 54 : 20
78 142 102 : 0
175 146 175 : 0
6 102 102 : 199
4 168 221 : 12
54 240 54 : 0
195 162 162 : 6
192 5 125 : 6
102 122 33 : 6
199 5 63 : 7
195 240 240 : 25
102 5 3 : 5
102 5 5 : 11
102 5 6 : 5
4 221 4 : 9
197 6 91 : 27
174 175 120 : 8
63 6 27 : 8
9 195 10 : 20
114 114 63 : 5
125 192 192 : 52
114 120 5 : 13
7 195 42 : 8
3 122 5 : 7
309 5 195 : 0
340 168 3 : 0
265 340 168 : 0
265 78 4 : 35
97 11 45 : 8
265 78 3 : 17
3 114 114 : 7
104 3 142 : 0
199 200 33 : 57
45 168 102 : 0
6 45 54 : 12
3 331 120 : 5
120 63 120 : 9
119 142 265 : 0
192 192 243 : 142
5 5 174 : 7
174 174 5 : 24
3 102 102 : 62
91 78 180 : 18
6 13 78 : 16
4 168 240 : 12
78 265 168 : 17
221 3 221 : 46
45 221 197 : 6
195 120 175 : 28
91 192 91 : 18
175 5 221 : 59
43 3 168 : 0
3 195 140 : 17
125 3 125 : 8
195 120 5 : 7
174 33 102 : 7
3 6 91 : 2601
195 120 3 : 11
43 195 340 : 0
122 268 45 : 54
240 78 78 : 134
195 54 3 : 23
85 85 102 : 0
4 269 196 : 11
3 168 54 : 6
174 4 120 : 5
3 78 195 : 1
120 3 195 : 8
195 125 195 : 10
3 38 78 : 6
221 120 114 : 10
265 102 6 : 12
201 202 201 : 8
265 102 3 : 12
102 85 102 : 0
192 6 54 : 10
104 146 265 : 0
265 3 3 : 84
33 197 3 : 5
265 3 4 : 8
4 13 4 : 2
196 33 195 : 0
102 309 309 : 0
168 265 340 : 0
168 102 45 : 3
168 240 102 : 9
3 180 180 : 8
63 41 221 : 6
240 240 220 : 7
168 102 221 : 10
148 140 4 : 11
196 5 3 : 25
195 27 85 : 0
4 45 45 : 14
196 195 195 : 94
5 140 140 : 22
3 6 142 : 17
6 197 192 : 19
3 6 140 : 32
4 4 331 : 12
63 63 63 : 11
219 240 311 : 6
202 199 200 : 57
54 175 6 : 27
168 102 5 : 2
146 102 78 : 0
146 146 146 : 54
5 4 5 : 34
5 4 6 : 19
114 195 42 : 7
146 146 142 : 0
120 3 114 : 19
5 4 3 : 13
7 142 7 : 128
78 192 240 : 0
91 195 102 : 90
4 140 140 : 33
265 175 142 : 0
221 140 27 : 8
265 175 146 : 0
175 6 6 : 13
192 6 5 : 229
192 6 6 : 48
192 6 3 : 17
195 195 220 : 61
168 168 42 : 58
195 3 6 : 323
195 3 5 : 50
195 3 3 : 355
240 196 240 : 343
146 168 146 : 191
265 168 78 : 3
265 168 102 : 177
174 175 45 : 11
91 174 6 : 10
195 174 174 : 39
140 3 240 : 7
180 240 240 : 66
265 78 168 : 101
168 91 163 : 0
220 220 220 : 98
6 6 125 : 14
3 91 91 : 2
240 240 102 : 105
5 140 27 : 5
168 78 240 : 6
142 265 104 : 0
3 331 4 : 18
311 78 265 : 7
142 265 102 : 0
180 78 180 : 32
6 6 120 : 14
195 78 5 : 5
4 4 192 : 16
195 78 3 : 0
5 195 5 : 1670
5 195 4 : 13
3 255 255 : 13
5 195 6 : 62
4 63 221 : 21
5 195 3 : 71
5 6 191 : 5
201 195 201 : 6
265 142 146 : 0
192 140 197 : 10
265 265 19 : 16
102 221 102 : 20
265 142 142 : 0
175 175 175 : 1750
175 175 174 : 71
45 54 140 : 15
240 78 5 : 12
172 172 172 : 32
120 3 54 : 5
311 78 33 : 7
142 6 78 : 0
4 146 168 : 14
221 301 301 : 5
102 174 168 : 10
240 240 33 : 33
5 4 118 : 14
3 3 114 : 7
5 4 195 : 11
175 6 11 : 9
104 168 102 : 0
192 192 33 : 15
54 174 174 : 13
240 240 219 : 13
13 102 168 : 6
301 221 301 : 4
4 3 120 : 20
174 7 174 : 40
174 7 175 : 40
78 142 6 : 0
102 78 102 : 2
197 45 45 : 15
5 38 5 : 12
3 142 3 : 36
195 5 197 : 963
6 221 221 : 68
3 142 7 : 11
3 142 4 : 310
78 168 78 : 68
265 13 4 : 0
195 5 5 : 1128
195 5 4 : 34
195 5 6 : 136
174 122 45 : 7
192 6 91 : 168
91 5 45 : 8
195 120 195 : 7
54 265 265 : 10
192 6 96 : 7
45 4 91 : 8
195 85 195 : 55
195 85 196 : 10
221 5 197 : 9
197 140 4 : 24
19 265 168 : 0
6 9 195 : 20
91 168 146 : 13
78 195 140 : 0
197 140 3 : 114
78 195 142 : 0
140 4 221 : 25
6 140 3 : 5
5 240 240 : 8
122 33 195 : 7
146 78 6 : 0
180 192 180 : 12
91 5 5 : 97
91 5 4 : 7
3 91 197 : 6
4 78 240 : 2
78 3 168 : 5
142 146 104 : 0
175 5 63 : 13
142 146 102 : 0
192 91 91 : 26
120 3 7 : 19
162 162 195 : 6
140 140 140 : 118
78 240 196 : 128
192 4 140 : 5
265 140 3 : 41
5 41 41 : 26
265 140 4 : 76
221 197 192 : 354
6 91 10 : 14
6 91 11 : 15
309 27 10 : 0
265 265 175 : 0
3 4 240 : 8
142 142 102 : 0
197 3 195 : 21
45 175 175 : 113
78 195 5 : 13
7 3 168 : 63
5 3 91 : 14
265 195 168 : 2
91 122 4 : 11
3 4 78 : 9
120 120 7 : 5
6 168 102 : 16
63 221 4 : 15
197 3 197 : 4
63 221 6 : 28
33 78 33 : 30
7 308 7 : 6
54 6 91 : 8
242 78 78 : 0
196 195 40 : 6
63 6 221 : 97
3 63 3 : 7
4 168 102 : 69
10 118 6 : 6
195 146 78 : 0
175 175 221 : 9
174 142 142 : 26
168 13 168 : 5
45 140 195 : 6
240 4 4 : 14
175 104 265 : 0
174 11 11 : 10
3 140 78 : 11
4 265 240 : 7
141 195 141 : 14
265 43 168 : 0
146 3 168 : 86
33 3 6 : 35
33 3 5 : 9
240 3 78 : 16
38 10 38 : 9
5 3 168 : 5
6 142 6 : 12
6 142 7 : 25
6 142 4 : 0
6 6 174 : 19
6 5 220 : 75
6 5 221 : 117
197 221 6 : 11
340 168 168 : 0
240 174 174 : 158
4 13 195 : 28
192 3 240 : 0
174 174 3 : 75
104 3 146 : 0
174 174 7 : 47
174 174 6 : 20
240 195 195 : 9
168 221 168 : 10
192 197 197 : 6
5 221 45 : 25
192 197 192 : 9
195 42 41 : 6
221 221 201 : 31
6 5 33 : 31
168 78 265 : 5
192 4 13 : 6
91 91 197 : 11
4 120 174 : 8
5 4 220 : 14
191 6 6 : 5
265 265 221 : 60
63 195 195 : 29
175 42 175 : 37
4 102 168 : 20
78 78 142 : 2
78 78 140 : 23
78 78 146 : 0
91 174 174 : 23
265 146 142 : 0
78 45 45 : 13
174 3 3 : 7
265 146 146 : 3
265 240 13 : 0
125 125 102 : 9
252 1 1 : 41
168 3 146 : 26
6 78 102 : 28
120 3 6 : 37
340 340 3 : 0
120 3 3 : 64
78 240 219 : 19
5 221 6 : 212
3 308 3 : 8
5 5 168 : 6
40 195 195 : 12
91 229 195 : 10
160 159 159 : 18
5 221 4 : 8
168 240 240 : 23
6 45 45 : 113
102 102 102 : 1508
6 4 78 : 11
4 220 5 : 14
140 221 197 : 16
45 45 64 : 56
45 45 65 : 9
45 45 66 : 6
221 221 174 : 9
85 195 174 : 5
91 45 174 : 6
54 146 265 : 0
192 168 168 : 2
102 6 3 : 4
102 6 6 : 252
196 38 6 : 11
102 6 4 : 13
102 6 5 : 84
3 6 85 : 6
78 140 140 : 7
12 195 6 : 6
6 91 229 : 10
226 85 195 : 9
5 168 102 : 1
13 5 197 : 36
196 196 91 : 3
102 265 265 : 33
45 5 6 : 7
33 45 33 : 7
140 45 175 : 6
140 78 78 : 10
118 221 6 : 7
221 63 221 : 26
221 255 255 : 13
265 19 4 : 8
199 195 5 : 1
6 3 3 : 403
6 3 4 : 20
6 3 5 : 35
6 3 6 : 605
125 240 78 : 0
195 195 168 : 13
3 78 168 : 38
91 45 5 : 20
91 45 6 : 10
3 221 27 : 44
27 174 13 : 6
5 6 33 : 26
168 119 265 : 5
4 3 3 : 804
4 3 6 : 13
4 3 7 : 13
45 45 175 : 103
4 3 5 : 23
196 5 195 : 12
78 6 142 : 0
6 96 97 : 7
45 13 5 : 7
141 6 141 : 6
54 221 221 : 10
220 6 63 : 15
5 197 197 : 332
195 33 3 : 8
5 197 195 : 23
196 196 196 : 832
114 162 114 : 0
45 78 5 : 17
60 102 168 : 0
3 43 265 : 0
104 174 175 : 0
5 197 199 : 2
118 6 118 : 8
3 54 54 : 226
33 196 5 : 18
33 196 3 : 7
6 7 91 : 15
5 195 45 : 9
168 168 240 : 31
85 5 102 : 0
168 168 54 : 6
265 168 43 : 0
340 3 265 : 0
168 4 240 : 24
168 45 192 : 0
3 168 195 : 2
43 43 3 : 0
91 141 6 : 6
45 141 141 : 5
6 221 63 : 201
146 142 175 : 0
6 6 331 : 21
119 3 142 : 0
174 33 5 : 9
3 146 104 : 0
91 240 240 : 6
256 265 102 : 13
175 191 122 : 156
119 265 142 : 0
6 6 114 : 21
120 7 120 : 8
340 265 168 : 0
265 168 5 : 6
192 5 6 : 24
192 5 5 : 24
192 5 3 : 18
5 5 5 : 2529
5 5 4 : 41
5 5 6 : 216
5 3 140 : 17
19 3 19 : 169
168 3 45 : 6
195 195 120 : 90
265 4 265 : 44
265 142 175 : 0
78 5 221 : 18
195 175 175 : 87
146 265 265 : 4
102 102 197 : 9
102 265 309 : 40
6 6 201 : 10
180 180 192 : 18
54 265 168 : 6
63 6 11 : 91
125 54 45 : 10
195 195 11 : 13
240 221 265 : 12
195 195 13 : 87
60 5 221 : 5
3 102 78 : 8
265 168 265 : 549
78 125 240 : 1
197 221 197 : 8
120 7 174 : 6
221 78 5 : 21
308 7 308 : 7
6 7 42 : 14
3 102 7 : 18
196 33 33 : 26
3 102 5 : 4
3 102 4 : 16
3 102 3 : 109
54 197 192 : 25
221 240 221 : 13
5 125 125 : 27
140 6 91 : 39
175 42 7 : 5
6 3 197 : 11
4 118 195 : 18
85 10 102 : 0
140 195 6 : 8
140 195 5 : 13
240 140 78 : 1
240 168 168 : 22
6 195 6 : 106
221 6 195 : 11
6 195 4 : 6
6 195 5 : 746
6 195 3 : 177
140 195 125 : 10
6 54 3 : 24
10 5 54 : 5
102 168 102 : 878
197 5 192 : 10
7 3 3 : 63
197 5 197 : 366
7 3 4 : 45
197 5 195 : 9
7 3 6 : 11
268 4 268 : 8
120 6 142 : 7
140 140 120 : 6
308 3 7 : 14
3 78 3 : 96
308 3 4 : 231
3 78 6 : 5
195 4 175 : 9
102 197 221 : 5
6 54 5 : 8
5 3 3 : 506
201 195 5 : 8
221 221 140 : 13
331 4 265 : 64
78 4 13 : 0
45 5 197 : 198
5 3 5 : 85
3 175 4 : 116
196 4 78 : 9
3 3 104 : 0
146 6 142 : 0
3 3 102 : 158
54 54 175 : 32
6 192 192 : 176
192 6 289 : 7
33 13 13 : 1
54 54 174 : 8
195 6 175 : 7
268 268 268 : 6
265 265 168 : 279
7 119 6 : 19
142 142 175 : 0
142 142 174 : 6
7 119 3 : 11
3 192 125 : 10
195 196 5 : 15
195 141 6 : 16
240 33 195 : 24
240 33 196 : 14
4 265 221 : 21
162 162 162 : 20
6 3 7 : 11
3 5 120 : 8
3 197 45 : 30
33 78 4 : 14
33 78 5 : 11
85 5 197 : 10
3 104 3 : 0
4 78 4 : 130
33 5 195 : 27
196 40 195 : 12
33 5 197 : 457
4 4 240 : 18
3 140 45 : 10
4 42 120 : 20
41 60 97 : 20
91 20 174 : 47
27 10 102 : 0
91 4 3 : 9
91 4 4 : 25
4 268 268 : 6
91 4 6 : 25
309 102 309 : 0
174 5 197 : 10
142 3 38 : 6
142 78 13 : 0
125 125 3 : 11
125 125 5 : 15
265 265 309 : 19
125 125 6 : 11
13 265 240 : 0
102 3 102 : 38
6 221 174 : 55
142 175 119 : 0
146 163 146 : 0
240 265 4 : 5
120 175 175 : 177
120 175 174 : 47
104 13 5 : 0
192 3 33 : 10
221 265 240 : 14
104 3 175 : 0
102 102 5 : 22
102 102 4 : 60
102 102 6 : 382
265 3 142 : 0
265 102 142 : 0
6 63 63 : 26
5 221 197 : 311
5 221 195 : 13
5 221 54 : 5
3 3 91 : 38
309 195 196 : 0
195 10 195 : 16
3 4 3 : 1730
85 195 309 : 0
102 4 3 : 32
5 5 91 : 115
3 4 7 : 14
3 4 4 : 2525
3 4 5 : 23
102 4 4 : 38
4 221 118 : 5
158 158 158 : 76
6 120 7 : 7
240 78 265 : 392
13 13 102 : 8
220 6 195 : 35
221 195 5 : 17
265 146 175 : 0
5 221 175 : 12
3 265 240 : 9
125 125 175 : 6
125 125 174 : 11
91 3 195 : 7
207 94 6 : 14
174 13 175 : 9
3 199 5 : 1
220 5 220 : 107
146 142 3 : 0
5 63 175 : 7
221 197 45 : 8
40 195 196 : 7
42 168 3 : 18
242 78 240 : 34
3 102 168 : 203
45 45 78 : 22
309 309 309 : 3
265 43 265 : 0
4 175 54 : 15
168 102 331 : 6
4 120 120 : 8
6 199 122 : 7
102 5 102 : 2
4 3 4 : 3183
5 120 114 : 51
78 195 196 : 1
45 45 174 : 20
7 175 195 : 9
6 102 6 : 3
6 102 7 : 0
6 102 4 : 6
6 102 5 : 4
140 78 140 : 9
168 54 168 : 6
159 159 45 : 8
197 160 159 : 17
10 4 6 : 6
33 33 13 : 1
142 7 195 : 5
6 54 197 : 6
5 91 91 : 66
195 54 195 : 13
102 265 102 : 118
240 118 38 : 11
6 54 195 : 12
91 268 45 : 9
102 7 3 : 20
5 45 91 : 12
102 7 7 : 0
168 331 4 : 6
7 7 142 : 49
54 6 5 : 21
168 265 265 : 75
3 6 168 : 19
45 45 168 : 20
6 27 102 : 0
168 168 196 : 10
3 120 3 : 23
3 120 7 : 12
3 120 6 : 45
3 120 4 : 8
195 307 175 : 6
78 6 6 : 0
102 168 240 : 70
195 3 175 : 31
196 196 195 : 149
13 240 78 : 1
142 146 78 : 0
5 220 6 : 17
5 220 4 : 15
5 220 5 : 148
119 175 175 : 7
125 45 195 : 12
54 192 4 : 8
221 45 3 : 5
195 195 201 : 47
168 4 265 : 30
42 120 57 : 10
201 202 199 : 57
91 33 33 : 91
192 168 102 : 4
6 7 174 : 14
5 197 192 : 3026
196 196 19 : 29
114 195 5 : 17
195 45 175 : 10
125 45 3 : 6
192 5 197 : 58
78 13 78 : 7
102 255 255 : 26
140 3 265 : 43
5 102 27 : 0
141 6 195 : 26
3 221 3 : 30
78 102 13 : 1
10 102 309 : 0
3 168 6 : 20
78 240 33 : 15
3 168 4 : 39
3 168 3 : 422
3 174 6 : 9
219 311 78 : 21
175 11 45 : 21
6 6 102 : 6
168 168 19 : 0
192 6 174 : 8
3 104 142 : 0
13 4 265 : 0
33 4 33 : 20
3 104 146 : 0
114 6 120 : 6
78 104 13 : 0
33 195 5 : 275
331 4 240 : 6
33 195 6 : 7
265 265 33 : 18
33 195 3 : 13
3 196 19 : 13
114 5 120 : 42
3 33 265 : 6
221 221 220 : 53
168 33 168 : 5
196 102 27 : 0
102 309 102 : 1
180 180 180 : 5305
33 33 78 : 32
309 102 5 : 0
5 3 33 : 33
195 168 168 : 5
265 19 3 : 8
221 221 4 : 58
201 200 202 : 15
120 7 209 : 8
3 3 54 : 36
5 85 195 : 4
6 195 120 : 15
19 19 19 : 130
102 6 168 : 12
175 221 175 : 7
4 63 6 : 49
93 19 221 : 11
265 119 265 : 0
195 3 33 : 6
240 197 78 : 8
265 256 265 : 73
11 11 45 : 49
192 192 45 : 14
102 309 85 : 0
33 3 192 : 14
102 146 146 : 6
192 4 6 : 23
192 4 4 : 85
102 146 142 : 0
125 180 180 : 43
6 7 195 : 11
195 5 221 : 389
195 5 220 : 45
3 45 64 : 6
221 45 141 : 12
6 3 91 : 10
125 5 192 : 8
295 301 301 : 5
320 231 228 : 8
4 125 125 : 8
5 45 5 : 17
195 195 33 : 22
125 91 20 : 48
4 195 42 : 18
4 78 265 : 60
3 221 195 : 11
91 168 168 : 4
197 33 33 : 7
142 195 78 : 20
54 140 54 : 68
7 6 174 : 8
27 309 5 : 0
42 54 140 : 42
174 201 45 : 47
240 3 240 : 120
141 141 195 : 7
5 197 6 : 53
5 197 5 : 400
5 197 4 : 29
5 197 3 : 586
4 6 11 : 15
265 104 265 : 0
78 180 180 : 92
196 196 3 : 49
27 6 102 : 0
196 196 4 : 9
221 33 197 : 68
196 196 6 : 10
42 42 221 : 10
7 4 7 : 6
6 91 38 : 72
220 45 6 : 5
6 91 33 : 116
195 102 27 : 0
91 91 78 : 20
175 195 175 : 121
175 120 7 : 20
140 5 140 : 9
3 197 54 : 6
45 78 13 : 6
3 240 102 : 8
104 142 3 : 0
195 3 197 : 18
33 168 146 : 5
140 197 221 : 79
309 3 54 : 219
175 120 3 : 28
120 114 3 : 15
120 114 4 : 39
195 78 195 : 1
120 114 6 : 10
45 33 5 : 10
4 265 265 : 211
6 125 195 : 28
78 140 3 : 31
78 140 4 : 5
7 119 175 : 10
7 119 174 : 52
140 3 3 : 244
140 3 5 : 9
140 3 4 : 14
140 3 6 : 89
240 6 6 : 13
146 3 146 : 19
195 5 91 : 27
45 45 102 : 7
146 3 142 : 0
6 10 196 : 11
78 125 3 : 0
13 199 5 : 0
180 78 78 : 26
195 197 3 : 20
255 256 265 : 22
142 175 104 : 0
195 197 6 : 21
195 197 5 : 14
195 197 4 : 5
78 196 195 : 12
195 140 3 : 22
85 102 309 : 0
5 309 102 : 0
6 45 5 : 16
309 54 309 : 0
6 45 6 : 21
168 340 265 : 0
265 3 175 : 0
45 42 120 : 8
196 196 265 : 1
6 91 3 : 61
91 91 5 : 78
91 91 4 : 2
91 91 3 : 3
6 91 7 : 8
6 91 4 : 65
6 91 5 : 1047
78 78 168 : 76
104 175 104 : 0
265 292 3 : 7
4 4 13 : 6
54 309 54 : 2
122 33 5 : 7
192 5 33 : 6
125 78 78 : 3
140 3 125 : 11
146 175 142 : 0
265 43 3 : 0
255 255 5 : 11
265 146 168 : 4
146 3 3 : 116
265 240 78 : 114
3 221 197 : 5
197 197 140 : 16
3 3 196 : 21
195 340 3 : 0
78 192 78 : 0
43 168 43 : 0
125 125 168 : 10
197 192 33 : 7
33 6 192 : 18
6 195 192 : 14
142 3 196 : 0
142 3 195 : 20
45 221 221 : 27
33 195 33 : 197
125 168 146 : 10
195 265 102 : 2
197 192 174 : 10
102 6 78 : 6
45 195 3 : 20
175 142 142 : 0
174 6 63 : 6
85 195 196 : 19
3 45 33 : 8
175 142 146 : 0
45 45 45 : 1497
5 196 196 : 8
5 5 140 : 3
5 5 141 : 13
102 102 168 : 648
301 300 220 : 1
3 195 197 : 12
174 195 33 : 7
3 195 195 : 324
3 195 192 : 12
4 195 220 : 6
114 4 120 : 9
3 5 3 : 94
195 309 102 : 0
5 196 195 : 12
142 3 175 : 0
5 6 265 : 3
3 5 5 : 85
3 5 4 : 11
114 221 6 : 8
114 120 114 : 86
6 91 201 : 35
33 5 33 : 50
102 168 54 : 153
6 265 78 : 124
200 202 5 : 14
5 33 6 : 14
5 33 5 : 45
4 13 13 : 0
5 33 3 : 15
168 196 33 : 12
195 4 125 : 9
10 5 4 : 6
3 6 45 : 96
168 265 78 : 222
168 102 78 : 226
168 78 78 : 9
192 192 125 : 76
174 174 221 : 40
3 6 42 : 43
3 42 120 : 38
91 91 195 : 10
3 54 3 : 16
221 195 175 : 11
91 91 192 : 18
4 102 102 : 18
3 78 140 : 7
3 6 174 : 48
3 78 142 : 41
63 63 5 : 8
220 220 197 : 6
3 265 265 : 132
63 63 6 : 31
5 140 197 : 90
221 221 199 : 50
5 140 195 : 6
45 45 192 : 40
45 45 195 : 50
240 140 140 : 11
45 45 199 : 24
5 13 5 : 6
197 6 3 : 15
197 6 4 : 7
197 6 5 : 28
197 6 6 : 44
91 199 5 : 7
5 5 3 : 187
292 265 292 : 7
301 220 301 : 5
199 199 5 : 0
201 195 195 : 20
118 118 6 : 10
91 45 45 : 113
7 142 3 : 8
42 168 102 : 11
5 11 45 : 7
162 195 162 : 6
195 3 168 : 3
43 3 265 : 0
168 168 78 : 11
196 5 6 : 7
102 6 102 : 227
201 102 102 : 14
201 202 168 : 9
119 6 175 : 18
78 219 311 : 34
91 6 78 : 14
195 195 125 : 12
3 192 91 : 2
19 3 3 : 159
5 197 54 : 10
220 6 220 : 15
3 195 331 : 8
122 5 5 : 9
168 102 102 : 1004
220 4 220 : 8
146 146 78 : 0
195 85 78 : 19
54 54 3 : 5
54 54 5 : 19
221 221 197 : 71
3 146 168 : 52
54 54 6 : 21
45 45 5 : 154
45 45 4 : 37
45 45 6 : 34
196 6 91 : 13
45 45 3 : 261
142 146 265 : 0
192 6 168 : 5
3 199 199 : 0
180 180 240 : 65
6 6 175 : 39
5 195 206 : 0
3 104 175 : 0
146 146 265 : 4
6 240 240 : 56
6 5 6 : 207
6 5 4 : 45
6 5 5 : 213
6 5 3 : 359
5 221 5 : 13
221 11 45 : 35
258 311 240 : 156
240 180 240 : 10
240 6 78 : 15
175 175 146 : 0
6 42 221 : 6
6 168 78 : 9
140 197 63 : 12
175 175 142 : 0
3 195 33 : 6
175 175 140 : 22
119 265 54 : 0
196 5 196 : 7
196 5 197 : 10
78 146 142 : 0
78 146 146 : 0
219 91 311 : 9
265 102 255 : 13
19 221 221 : 11
221 78 78 : 7
146 168 265 : 27
142 119 146 : 0
142 119 142 : 0
195 199 54 : 6
10 38 10 : 12
195 3 45 : 100
265 6 6 : 16
160 159 192 : 7
6 220 220 : 11
197 192 125 : 166
78 13 142 : 0
3 175 3 : 13
140 3 78 : 40
3 175 5 : 40
140 78 3 : 4
301 6 301 : 9
33 78 78 : 4
220 4 4 : 11
6 91 122 : 7
91 192 3 : 12
175 175 78 : 25
265 43 43 : 0
125 125 33 : 6
142 78 102 : 0
265 6 265 : 1
6 66 63 : 0
265 13 195 : 11
114 5 221 : 31
3 4 42 : 7
102 168 168 : 515
78 195 195 : 47
195 5 140 : 30
195 5 141 : 41
5 125 45 : 6
4 102 240 : 8
221 265 140 : 25
78 78 45 : 8
114 114 195 : 6
202 201 202 : 8
78 78 42 : 6
197 4 240 : 8
7 6 6 : 7
265 5 3 : 8
195 192 195 : 15
197 196 194 : 7
192 91 45 : 5
91 78 4 : 38
27 5 309 : 0
78 4 33 : 12
221 221 120 : 46
4 3 45 : 7
102 174 174 : 4
142 7 120 : 5
3 3 163 : 14
3 19 196 : 21
3 3 168 : 699
240 5 197 : 32
7 42 120 : 27
78 168 4 : 10
240 221 240 : 8
7 174 3 : 6
3 175 142 : 0
221 142 3 : 16
221 199 102 : 46
221 140 197 : 42
91 33 195 : 14
175 195 195 : 26
220 195 195 : 99
197 195 197 : 9
197 195 195 : 48
192 197 140 : 27
104 142 265 : 0
13 13 78 : 3
142 78 3 : 41
142 78 6 : 1
33 192 197 : 6
102 168 6 : 10
6 45 195 : 56
331 4 331 : 7
221 142 4 : 131
3 114 120 : 18
118 6 220 : 5
174 11 45 : 72
309 309 3 : 11
331 4 3 : 5
309 309 5 : 0
168 168 4 : 77
168 168 6 : 15
43 265 43 : 0
168 168 3 : 252
91 6 3 : 15
91 6 6 : 147
120 168 240 : 12
13 265 265 : 1
91 6 5 : 84
45 54 197 : 9
6 265 265 : 13
42 42 120 : 51
3 102 6 : 6
6 54 175 : 10
252 1 252 : 15
221 93 19 : 11
13 240 4 : 0
102 3 168 : 199
265 3 168 : 30
5 221 78 : 21
265 102 168 : 59
78 142 146 : 0
38 78 175 : 6
78 142 142 : 0
102 78 4 : 10
4 168 265 : 10
102 240 78 : 10
175 5 33 : 7
45 175 195 : 18
3 5 102 : 2
265 265 142 : 0
265 265 140 : 83
265 265 146 : 3
142 102 265 : 0
175 42 120 : 54
4 13 142 : 29
195 201 5 : 16
240 78 242 : 32
240 78 240 : 391
146 175 175 : 0
5 195 91 : 28
38 5 38 : 13
125 3 91 : 1
78 240 265 : 201
33 33 6 : 51
33 33 5 : 124
265 54 265 : 2
33 33 3 : 129
195 196 240 : 11
175 265 3 : 0
220 197 220 : 10
199 201 5 : 1
78 5 78 : 1
118 38 197 : 9
174 5 221 : 12
3 91 33 : 9
195 240 5 : 11
4 240 13 : 0
240 168 240 : 29
140 5 197 : 10
3 196 196 : 43
91 258 311 : 151
10 195 5 : 15
175 142 175 : 0
45 45 54 : 11
5 13 102 : 0
102 240 102 : 0
3 45 45 : 333
6 13 30 : 11
309 54 54 : 3
220 196 196 : 16
195 168 3 : 1
6 220 5 : 14
197 195 5 : 25
4 33 265 : 6
197 195 3 : 11
38 118 6 : 20
309 102 102 : 0
54 3 309 : 1
195 196 85 : 14
102 6 91 : 8
221 102 265 : 8
6 220 6 : 7
114 120 120 : 18
141 195 195 : 8
265 43 195 : 0
192 3 140 : 85
85 85 141 : 0
6 78 265 : 23
140 5 54 : 11
219 219 219 : 124
197 197 5 : 6
6 5 118 : 16
3 6 78 : 65
10 10 91 : 6
3 309 3 : 8
168 265 42 : 6
168 265 43 : 0
3 6 102 : 32
3 6 3 : 525
3 6 4 : 34
3 6 5 : 692
3 6 6 : 274
27 174 27 : 97
201 45 45 : 49
168 265 6 : 3
168 265 5 : 3
91 5 192 : 21
168 265 3 : 61
195 195 197 : 42
91 5 197 : 985
221 197 3 : 22
6 195 201 : 23
42 160 159 : 14
221 197 4 : 9
309 102 10 : 0
85 174 174 : 9
175 104 3 : 0
6 91 102 : 30
54 122 4 : 6
200 201 202 : 6
195 195 192 : 28
54 265 146 : 0
78 78 265 : 359
192 91 6 : 18
4 6 5 : 21
192 91 5 : 17
3 168 7 : 70
192 91 3 : 4
240 13 265 : 0
174 174 120 : 9
174 174 122 : 1
78 4 4 : 23
158 331 4 : 7
240 265 13 : 0
309 309 102 : 0
118 6 38 : 19
197 6 125 : 6
201 202 175 : 6
38 38 6 : 14
146 265 3 : 3
201 5 221 : 16
201 102 174 : 9
265 168 33 : 11
196 196 33 : 2
5 4 120 : 12
5 197 33 : 9
5 5 192 : 53
5 5 195 : 551
192 125 78 : 0
5 5 197 : 532
5 5 196 : 2
78 78 240 : 54
196 196 38 : 13
27 27 309 : 0
174 191 45 : 6
54 175 174 : 19
54 175 175 : 22
213 5 63 : 8
331 120 6 : 27
6 6 168 : 264
195 42 120 : 36
192 6 192 : 378
78 240 13 : 3
192 6 197 : 11
168 192 168 : 2
221 220 195 : 6
13 4 240 : 0
3 120 114 : 27
196 220 195 : 9
125 91 174 : 22
195 174 197 : 12
41 41 54 : 6
175 3 146 : 0
195 195 175 : 21
195 195 174 : 27
175 3 142 : 0
221 221 63 : 52
4 6 221 : 7
6 125 6 : 16
6 125 5 : 29
6 125 3 : 41
60 197 192 : 9
4 221 240 : 7
240 240 174 : 156
3 3 10 : 12
3 3 13 : 6
140 6 140 : 20
192 3 91 : 6
220 5 197 : 27
220 5 195 : 26
91 201 102 : 5
4 331 265 : 22
5 309 5 : 0
3 196 3 : 19
221 265 221 : 7
192 125 192 : 198
142 104 175 : 0
4 3 168 : 76
142 265 3 : 0
240 240 78 : 709
6 4 6 : 13
6 4 5 : 12
6 4 4 : 37
6 4 3 : 14
195 4 146 : 11
4 6 91 : 154
146 168 3 : 632
146 168 5 : 8
146 168 4 : 5
309 265 309 : 7
192 192 78 : 3
120 175 7 : 40
221 11 11 : 9
4 148 140 : 5
168 42 4 : 6
5 63 63 : 10
45 5 221 : 7
269 196 6 : 11
4 120 3 : 20
4 120 6 : 25
4 120 7 : 7
6 33 192 : 32
125 125 45 : 28
6 33 195 : 167
19 19 196 : 13
120 78 78 : 0
195 5 175 : 8
42 120 6 : 339
42 120 3 : 58
192 13 195 : 6
140 4 265 : 79
195 91 91 : 6
13 45 5 : 6
146 104 104 : 0
140 195 192 : 6
6 168 4 : 212
140 4 269 : 11
140 195 195 : 47
195 168 4 : 8
5 33 33 : 58
38 4 4 : 5
4 4 308 : 7
40 196 195 : 8
11 45 221 : 23
221 221 142 : 129
311 78 78 : 8
146 102 142 : 0
195 195 45 : 52
195 195 42 : 23
5 175 5 : 29
142 142 146 : 0
5 220 3 : 7
3 175 175 : 159
4 118 6 : 50
142 142 142 : 21
7 3 120 : 17
265 240 221 : 16
6 168 146 : 22
4 78 13 : 0
5 3 6 : 556
5 3 4 : 24
4 11 45 : 12
6 240 4 : 6
221 5 221 : 7
13 78 78 : 3
195 78 175 : 28
102 195 102 : 1
78 78 3 : 14
6 140 140 : 42
78 78 5 : 47
78 78 4 : 33
240 265 240 : 380
174 27 6 : 0
7 175 5 : 9
5 63 6 : 92
195 42 54 : 28
7 175 3 : 12
4 6 174 : 9
192 192 91 : 9
197 192 13 : 7
168 240 3 : 144
168 240 4 : 12
221 4 142 : 11
140 197 91 : 10
175 195 6 : 6
91 340 340 : 6
197 5 220 : 22
168 265 195 : 0
3 146 3 : 16
33 5 125 : 15
197 221 4 : 8
45 6 6 : 17
141 6 5 : 18
27 85 265 : 0
102 168 4 : 43
102 168 7 : 15
91 38 5 : 43
120 175 195 : 5
91 6 268 : 14
240 240 118 : 10
104 265 175 : 0
197 6 195 : 9
104 3 104 : 0
142 104 265 : 0
301 301 300 : 6
197 195 6 : 6
221 221 240 : 34
6 5 78 : 2
197 6 197 : 7
3 142 175 : 0
199 122 33 : 7
221 201 102 : 28
240 6 240 : 25
197 301 301 : 0
195 91 78 : 13
221 66 54 : 5
4 4 120 : 9
4 4 122 : 6
91 85 5 : 11
4 168 4 : 80
13 33 195 : 13
114 114 162 : 0
221 174 11 : 18
5 192 192 : 35
6 197 6 : 36
195 6 125 : 19
4 168 3 : 60
119 265 102 : 5
91 78 78 : 19
265 265 265 : 1054
265 33 39 : 9
4 4 38 : 6
13 13 33 : 0
4 220 220 : 9
78 78 102 : 7
196 10 6 : 6
196 10 5 : 5
102 195 78 : 0
265 146 104 : 0
5 221 141 : 30
104 3 3 : 0
141 45 6 : 7
6 192 91 : 17
13 196 5 : 0
43 43 265 : 0
3 4 120 : 17
125 125 146 : 8
54 309 3 : 208
192 140 3 : 77
192 140 4 : 21
174 197 192 : 13
168 3 102 : 227
78 168 146 : 107
13 168 13 : 5
146 142 142 : 0
174 57 175 : 27
146 175 3 : 0
3 45 175 : 11
15 54 54 : 6
6 4 195 : 5
5 6 6 : 178
1 252 252 : 33
142 13 78 : 0
5 6 3 : 80
39 12 39 : 7
5 6 9 : 20
4 6 168 : 5
85 85 85 : 81
159 159 78 : 8
4 142 4 : 12
192 174 4 : 9
197 221 78 : 12
4 120 114 : 14
4 192 91 : 8
4 142 3 : 343
192 3 163 : 5
102 13 168 : 6
6 39 196 : 6
195 195 3 : 564
195 195 5 : 849
195 5 54 : 191
195 195 6 : 135
175 4 195 : 6
91 196 91 : 0
102 168 78 : 25
120 114 195 : 72
195 13 195 : 92
7 209 211 : 8
162 6 3 : 0
5 309 309 : 0
6 221 6 : 78
195 5 45 : 27
168 4 42 : 7
141 5 33 : 5
243 125 125 : 349
6 221 3 : 66
141 6 33 : 14
78 102 195 : 0
85 85 195 : 31
168 102 13 : 11
85 85 196 : 2
140 221 221 : 51
174 175 162 : 93
3 6 114 : 79
102 102 10 : 0
102 102 13 : 117
33 5 27 : 8
4 221 78 : 6
78 6 102 : 1
3 7 175 : 42
3 7 174 : 5
175 7 54 : 8
5 195 175 : 40
125 3 3 : 45
4 265 13 : 11
125 3 6 : 20
78 42 42 : 8
6 141 6 : 8
125 3 5 : 4
300 301 301 : 4
5 4 4 : 53
174 3 78 : 19
175 201 195 : 7
102 102 146 : 2
196 240 78 : 189
195 168 54 : 6
102 102 142 : 2
192 192 3 : 18
192 91 195 : 11
142 102 195 : 5
192 192 6 : 2699
5 195 192 : 12
5 195 195 : 321
5 195 197 : 17
6 196 196 : 12
6 27 5 : 0
265 102 221 : 5
120 6 195 : 21
201 102 168 : 20
122 168 146 : 9
220 195 5 : 15
195 45 140 : 8
5 197 45 : 27
141 195 5 : 13
10 221 6 : 15
196 196 40 : 11
78 102 221 : 29
102 27 5 : 0
3 7 3 : 27
102 27 7 : 0
3 7 7 : 37
3 7 6 : 11
3 192 142 : 1
3 146 146 : 8
240 168 3 : 27
13 33 13 : 0
3 146 142 : 0
174 195 5 : 11
102 27 85 : 0
265 175 265 : 0
63 6 4 : 22
78 5 6 : 20
78 5 4 : 9
33 5 192 : 35
78 5 3 : 14
219 175 174 : 7
5 309 27 : 0
60 97 12 : 20
27 5 10 : 0
33 192 33 : 405
194 197 78 : 7
240 195 240 : 17
5 197 220 : 59
175 3 175 : 201
196 196 220 : 15
6 3 114 : 13
4 176 3 : 6
3 125 5 : 5
197 199 197 : 0
102 85 195 : 0
102 85 196 : 0
240 13 13 : 0
91 6 192 : 6
168 168 192 : 0
91 6 196 : 2
91 6 197 : 7
91 6 195 : 167
3 33 192 : 7
91 6 199 : 12
6 195 140 : 16
6 114 42 : 34
4 42 168 : 8
120 195 120 : 11
33 33 91 : 9
240 240 192 : 10
4 13 78 : 0
3 221 140 : 6
192 140 140 : 10
66 20 33 : 6
168 4 102 : 16
195 3 140 : 111
197 4 4 : 11
174 168 102 : 11
195 38 38 : 17
168 78 102 : 54
91 6 175 : 5
168 6 168 : 15
91 102 168 : 16
168 78 104 : 0
192 3 192 : 8
240 6 168 : 5
85 265 102 : 0
102 13 78 : 1
4 140 221 : 5
174 6 175 : 6
195 42 221 : 20
197 192 140 : 240
142 54 142 : 0
221 240 265 : 11
63 221 221 : 12
196 3 6 : 9
85 196 195 : 14
43 265 3 : 0
168 5 197 : 29
85 196 196 : 32
140 33 33 : 18
168 42 168 : 40
197 3 45 : 37
3 197 5 : 7
91 5 195 : 20
142 142 54 : 0
192 140 91 : 120
146 45 168 : 13
3 197 3 : 317
91 4 240 : 5
5 13 195 : 9
141 5 197 : 5
142 4 174 : 21
192 195 195 : 19
102 168 146 : 5
265 13 13 : 0
78 33 33 : 45
3 6 7 : 50
78 78 91 : 13
6 6 11 : 40
6 6 10 : 7
5 192 3 : 16
221 33 33 : 28
168 102 265 : 64
3 13 199 : 0
197 5 3 : 14
5 141 5 : 7
221 221 102 : 68
220 301 301 : 10
104 175 142 : 0
168 43 3 : 0
6 7 6 : 6
6 7 7 : 6
104 142 104 : 0
125 195 195 : 11
10 27 102 : 0
6 7 3 : 14
6 54 54 : 18
195 265 5 : 0
6 3 168 : 5
3 3 142 : 307
195 195 54 : 39
3 3 140 : 126
3 3 146 : 29
197 5 6 : 18
27 102 309 : 0
104 146 3 : 0
221 141 141 : 20
307 175 175 : 15
255 255 256 : 22
102 102 192 : 2
54 6 42 : 5
5 220 197 : 16
3 4 265 : 45
85 102 5 : 0
265 5 5 : 8
142 6 6 : 0
6 54 140 : 52
240 4 13 : 0
33 3 4 : 7
33 3 3 : 73
40 6 195 : 5
265 221 240 : 13
13 33 5 : 8
195 4 4 : 61
195 42 42 : 8
309 85 85 : 0
45 64 195 : 37
33 192 3 : 6
197 192 91 : 13
33 192 6 : 32
120 3 42 : 8
33 192 5 : 8
45 4 45 : 8
140 6 33 : 6
265 142 265 : 0
5 221 221 : 146
5 221 220 : 76
175 175 45 : 123
175 175 42 : 71
6 175 174 : 65
6 175 175 : 31
168 3 265 : 141
102 168 45 : 0
3 340 168 : 0
6 5 195 : 57
6 125 91 : 29
301 300 301 : 4
45 168 146 : 38
174 102 102 : 5
5 168 146 : 8
33 33 125 : 15
30 4 3 : 5
143 3 3 : 7
102 195 85 : 0
4 78 168 : 11
196 194 197 : 7
6 5 63 : 65
196 240 240 : 217
27 27 5 : 0
195 3 192 : 9
102 3 265 : 99
265 3 104 : 0
221 221 255 : 13
265 3 102 : 28
265 102 102 : 290
5 221 10 : 5
120 140 4 : 8
120 140 3 : 16
4 4 118 : 51
125 33 33 : 23
195 220 195 : 62
27 5 102 : 0
4 265 168 : 25
140 6 3 : 122
140 63 6 : 8
4 4 45 : 12
146 3 265 : 37
255 255 265 : 19
78 240 240 : 178
6 114 5 : 18
13 102 13 : 8
5 114 5 : 5
197 192 45 : 13
3 168 102 : 254
192 78 78 : 7
3 45 168 : 9
142 142 195 : 4
3 43 43 : 0
19 168 168 : 0
6 11 45 : 142
6 91 85 : 14
6 125 102 : 5
6 3 125 : 6
12 5 221 : 5
3 5 91 : 6
102 5 27 : 0
265 3 201 : 5
140 4 140 : 218
33 192 125 : 23
146 104 265 : 0
174 120 3 : 6
3 197 4 : 6
174 120 6 : 7
102 102 3 : 287
4 240 78 : 29
11 11 33 : 7
43 3 3 : 0
91 3 33 : 6
196 195 85 : 24
13 78 13 : 3
174 13 195 : 7
220 220 301 : 1
5 45 3 : 21
4 240 168 : 13
78 265 102 : 95
5 45 6 : 12
265 3 255 : 12
195 226 85 : 9
142 3 142 : 37
102 3 78 : 22
142 3 146 : 0
196 5 220 : 7
142 6 7 : 14
311 240 240 : 202
1 1 252 : 42
4 197 5 : 7
78 196 196 : 11
168 3 3 : 1174
7 7 7 : 29
174 54 54 : 16
168 3 6 : 52
7 7 3 : 12
168 3 4 : 114
45 65 174 : 7
221 195 221 : 8
45 195 5 : 29
119 142 119 : 0
221 140 4 : 31
168 122 168 : 7
265 3 146 : 3
197 54 197 : 9
142 104 104 : 0
78 4 5 : 43
197 54 192 : 12
45 91 6 : 34
168 240 168 : 23
45 91 5 : 25
45 199 102 : 5
102 265 142 : 0
45 195 175 : 8
3 6 13 : 19
175 4 142 : 35
6 195 199 : 6
168 102 240 : 14
174 175 174 : 36
174 175 175 : 55
3 6 125 : 12
102 102 27 : 0
3 6 120 : 18
265 4 168 : 9
3 176 162 : 108
221 102 78 : 30
3 240 5 : 0
140 4 148 : 13
240 91 6 : 8
140 3 195 : 52
140 3 197 : 61
175 142 119 : 0
140 3 192 : 10
331 4 4 : 17
331 4 6 : 5
196 13 33 : 0
197 140 140 : 6
221 3 4 : 7
195 125 3 : 12
174 45 3 : 8
196 265 10 : 0
220 221 301 : 1
120 4 3 : 7
199 199 199 : 0
240 265 78 : 2
10 10 4 : 7
125 91 5 : 115
125 91 6 : 7
78 3 3 : 98
4 102 4 : 19
78 3 5 : 4
125 91 3 : 6
6 91 197 : 43
3 4 6 : 52
45 64 183 : 12
221 45 45 : 10
6 42 42 : 26
45 45 91 : 154
6 265 4 : 8
6 197 220 : 5
197 197 6 : 13
146 265 104 : 0
54 54 54 : 890
197 197 3 : 5
45 175 3 : 15
220 6 5 : 118
220 6 4 : 10
6 142 78 : 0
240 33 33 : 12
102 221 221 : 157
102 3 5 : 2
6 10 5 : 7
219 240 240 : 13
140 140 195 : 53
4 265 4 : 48
78 242 240 : 31
3 54 309 : 4
6 289 11 : 7
13 265 13 : 0
220 4 5 : 21
168 168 331 : 7
33 33 4 : 35
5 33 175 : 8
10 91 4 : 6
3 104 104 : 0
141 196 195 : 11
4 6 195 : 8
4 91 192 : 9
195 42 6 : 9
3 3 33 : 81
64 183 5 : 10
102 91 6 : 0
42 6 3 : 9
195 175 120 : 7
175 175 195 : 104
221 195 3 : 7
175 195 5 : 14
175 195 4 : 5
175 195 3 : 29
5 91 78 : 7
175 175 307 : 18
141 141 6 : 44
168 168 340 : 0
142 4 221 : 111
195 201 202 : 59
146 142 146 : 0
13 4 78 : 0
168 45 168 : 10
174 175 191 : 156
240 13 4 : 0
125 91 78 : 7
174 175 195 : 11
3 240 168 : 13
168 168 168 : 629
175 195 45 : 6
195 3 78 : 3
175 195 42 : 5
197 91 5 : 11
168 168 162 : 1
180 180 125 : 49
180 125 180 : 115
4 240 6 : 7
13 78 4 : 14
4 175 5 : 6
192 243 125 : 348
168 195 195 : 5
63 4 63 : 22
221 168 146 : 10
175 45 5 : 11
66 6 6 : 21
196 85 196 : 31
197 78 5 : 20
3 197 195 : 7
13 102 6 : 1
13 102 5 : 1
6 6 142 : 24
141 141 196 : 8
78 240 78 : 56
197 5 5 : 34
142 4 142 : 312
175 175 265 : 0
4 5 195 : 10
4 6 7 : 8
4 6 6 : 30
13 142 142 : 2
4 6 4 : 32
4 6 3 : 18
242 240 240 : 31
175 4 3 : 7
195 45 3 : 53
102 309 5 : 0
196 33 3 : 5
4 195 78 : 10
265 78 78 : 195
142 119 265 : 0
102 85 85 : 0
180 192 91 : 7
3 6 192 : 23
33 125 125 : 23
175 119 265 : 0
6 78 4 : 18
102 4 78 : 8
6 91 174 : 24
10 10 5 : 5
197 220 195 : 22
3 45 3 : 539
10 309 102 : 0
6 265 5 : 1
33 5 3 : 2656
3 3 192 : 64
102 3 3 : 92
33 5 4 : 6
33 197 33 : 17
33 5 6 : 32
3 265 19 : 0
6 27 174 : 8
309 265 3 : 26
4 240 5 : 6
4 240 4 : 14
240 13 240 : 1
6 78 78 : 49
6 10 221 : 13
6 168 168 : 62
162 162 114 : 0
33 39 5 : 9
6 78 5 : 30
119 265 265 : 0
197 3 4 : 18
6 78 6 : 0
3 3 195 : 226
4 3 320 : 9
3 3 197 : 44
6 199 201 : 5
3 3 199 : 2
192 6 195 : 31
4 19 19 : 10
5 33 125 : 10
265 309 265 : 69
195 195 85 : 10
6 6 5 : 216
6 6 4 : 28
6 6 7 : 13
6 6 6 : 3952
85 102 85 : 0
168 102 4 : 69
168 19 168 : 0
192 6 33 : 2665
45 33 33 : 21
180 78 240 : 8
7 120 7 : 6
7 120 6 : 18
221 4 168 : 21
7 120 3 : 10
221 220 196 : 8
195 91 195 : 48
54 175 120 : 8
175 175 54 : 10
85 78 78 : 7
78 219 91 : 10
7 175 175 : 80
142 175 146 : 0
7 175 174 : 7
120 7 42 : 9
142 175 142 : 0
255 265 256 : 6
120 175 120 : 24
78 142 195 : 0
120 114 11 : 8
5 196 78 : 8
195 120 114 : 111
192 5 192 : 15
13 30 4 : 11
199 102 6 : 45
6 6 3 : 190
33 140 33 : 10
206 5 6 : 0
91 13 196 : 0
7 3 102 : 6
3 45 4 : 6
104 175 265 : 0
4 19 3 : 8
142 7 7 : 51
3 19 3 : 174
174 27 174 : 34
142 7 3 : 48
195 192 125 : 12
78 33 195 : 24
142 3 221 : 15
78 78 125 : 1
91 175 5 : 8
78 3 175 : 21
78 78 120 : 0
45 66 20 : 6
168 45 45 : 7
266 160 159 : 19
197 192 78 : 12
195 125 125 : 6
221 42 221 : 32
309 5 102 : 0
5 221 120 : 5
196 91 91 : 0
78 168 168 : 11
221 221 66 : 24
102 240 168 : 18
102 6 33 : 0
13 78 142 : 0
6 91 91 : 42
240 78 180 : 22
240 168 102 : 29
13 85 195 : 15
7 142 142 : 29
27 85 195 : 0
6 191 192 : 8
96 97 11 : 7
265 102 265 : 192
195 33 45 : 7
265 3 265 : 224
125 3 195 : 1
6 91 240 : 42
331 4 168 : 6
3 265 119 : 0
3 3 19 : 161
45 4 6 : 10
45 4 4 : 21
6 45 91 : 6
120 3 120 : 22
63 120 5 : 7
195 5 33 : 8
45 120 7 : 8
6 191 6 : 5
85 265 10 : 0
155 157 266 : 21
265 265 240 : 109
221 6 45 : 16
78 265 265 : 109
5 195 220 : 20
91 6 39 : 10
54 3 6 : 9
54 54 240 : 0
54 3 3 : 58
140 140 63 : 8
3 78 102 : 1
33 196 196 : 15
91 3 6 : 38
91 3 5 : 7
91 3 4 : 10
91 3 3 : 32
195 11 45 : 15
196 19 196 : 32
168 4 4 : 40
91 6 206 : 5
168 4 6 : 11
309 102 27 : 0
197 197 197 : 93
309 27 102 : 0
168 4 3 : 51
102 142 78 : 1
42 175 175 : 28
175 5 5 : 7
301 220 220 : 0
300 220 301 : 1
91 91 45 : 7
175 142 104 : 0
91 3 104 : 0
196 78 78 : 48
174 174 175 : 197
174 174 174 : 3603
3 120 175 : 12
143 4 4 : 5
168 43 43 : 0
91 6 201 : 12
3 320 231 : 8
197 197 85 : 35
6 331 4 : 26
91 6 33 : 5
119 142 3 : 0
4 140 5 : 6
4 140 3 : 20
122 168 168 : 8
3 168 78 : 2
54 3 175 : 9
78 221 221 : 11
13 5 221 : 10
191 122 155 : 8
168 292 292 : 6
265 78 265 : 96
221 3 45 : 6
331 5 3 : 7
197 220 4 : 5
221 6 6 : 17
220 221 221 : 58
54 3 54 : 7
33 13 196 : 0
33 5 45 : 6
195 168 265 : 4
340 340 340 : 17
42 120 175 : 36
5 3 125 : 10
3 3 42 : 16
3 3 43 : 0
102 42 120 : 9
78 13 4 : 0
78 13 5 : 8
195 195 140 : 112
3 3 45 : 558
91 240 5 : 18
3 192 3 : 44
120 120 120 : 8
3 192 5 : 13
3 192 6 : 32
220 5 6 : 11
6 114 63 : 6
220 5 4 : 18
220 5 5 : 103
4 240 240 : 144
240 240 140 : 14
91 195 33 : 13
54 140 197 : 115
78 146 78 : 0
54 140 195 : 7
78 146 102 : 0
163 3 3 : 8
175 45 45 : 87
265 331 4 : 19
125 5 5 : 30
125 5 6 : 7
175 3 45 : 7
120 6 221 : 54
125 5 3 : 10
168 3 240 : 17
120 174 174 : 7
91 197 91 : 9
91 195 6 : 46
60 5 197 : 7
175 174 3 : 10
331 265 240 : 7
168 78 168 : 21
5 91 196 : 0
5 91 195 : 81
174 175 3 : 8
192 3 45 : 35
5 91 192 : 8
221 240 240 : 35
240 219 240 : 8
118 6 192 : 11
6 42 120 : 68
91 195 195 : 148
175 265 146 : 0
91 195 197 : 16
4 5 197 : 52
13 142 3 : 8
174 175 6 : 6
125 125 78 : 2
6 3 45 : 77
142 78 146 : 0
142 78 142 : 0
6 5 54 : 31
91 6 13 : 7
140 3 45 : 27
180 240 180 : 9
6 4 331 : 14
174 221 221 : 37
195 201 102 : 7
91 5 91 : 62
168 146 5 : 8
3 195 6 : 55
3 195 5 : 171
102 201 202 : 7
195 5 102 : 5
168 146 3 : 226
6 5 125 : 12
6 175 5 : 13
78 78 78 : 4227
63 6 195 : 33
3 6 54 : 72
33 4 6 : 7
192 125 3 : 8
63 11 45 : 5
78 4 78 : 185
265 175 3 : 0
183 5 221 : 13
91 192 6 : 5
5 4 13 : 5
6 6 33 : 37
63 5 63 : 8
33 168 3 : 5
78 265 78 : 12
85 78 196 : 8
4 174 3 : 16
4 174 6 : 8
309 265 265 : 17
3 195 45 : 14
221 6 221 : 303
3 195 42 : 18
125 78 3 : 0
102 27 309 : 0
5 118 6 : 59
102 13 13 : 15
195 195 78 : 18
175 5 3 : 6
196 102 221 : 0
200 33 175 : 10
175 5 6 : 12
175 195 120 : 22
175 5 4 : 24
340 168 265 : 0
201 13 102 : 1
3 168 340 : 0
199 200 201 : 6
195 4 63 : 17
180 91 91 : 6
6 125 33 : 7
19 196 3 : 19
195 195 91 : 38
195 78 142 : 0
265 119 142 : 0
265 4 13 : 6
195 78 146 : 0
3 3 180 : 8
4 5 3 : 10
42 3 3 : 7
3 221 33 : 7
91 102 221 : 6
42 3 6 : 6
54 168 265 : 7
4 4 102 : 14
3 104 265 : 0
45 254 42 : 13
174 195 3 : 11
168 7 168 : 5
240 4 78 : 17
195 192 6 : 31
45 195 195 : 139
195 4 195 : 42
240 3 3 : 6
102 309 10 : 0
195 196 196 : 175
4 265 3 : 9
195 196 195 : 62
142 175 175 : 1
45 168 168 : 12
13 142 78 : 0
5 4 175 : 14
5 141 141 : 46
6 125 125 : 166
104 265 142 : 0
240 4 219 : 9
104 265 146 : 0
142 142 265 : 0
197 174 45 : 10
221 4 195 : 17
146 78 78 : 1
3 142 142 : 6
175 146 265 : 0
3 142 146 : 0
102 10 102 : 0
252 252 1 : 33
6 5 42 : 7
197 33 197 : 60
254 42 221 : 13
6 5 45 : 15
54 197 3 : 12
265 265 104 : 0
142 78 175 : 25
265 265 102 : 19
5 192 195 : 16
78 4 91 : 12
3 175 104 : 0
142 146 175 : 0
4 4 174 : 15
78 42 160 : 6
5 142 3 : 5
42 175 3 : 6
175 7 119 : 68
175 78 142 : 25
33 197 221 : 44
102 5 309 : 0
102 192 168 : 0
240 6 13 : 13
125 125 192 : 31
5 195 33 : 6
309 27 85 : 0
45 6 3 : 8
3 240 240 : 119
168 195 168 : 1
13 175 54 : 6
102 6 27 : 0
114 120 3 : 14
114 120 4 : 7
3 45 140 : 39
114 120 6 : 16
140 140 3 : 129
140 140 4 : 16
3 168 168 : 225
27 174 6 : 21
240 78 196 : 35
142 78 78 : 1
27 85 102 : 0
12 174 174 : 21
3 197 140 : 13
78 219 240 : 12
195 78 78 : 24
140 5 3 : 7
5 102 102 : 17
240 3 265 : 6
240 168 42 : 18
3 265 102 : 14
33 6 125 : 19
54 5 5 : 16
3 265 104 : 0
196 19 3 : 14
195 175 5 : 61
6 301 301 : 8
195 175 3 : 8
42 42 160 : 8
240 311 78 : 14
91 199 102 : 13
125 125 268 : 13
3 6 240 : 13
6 120 6 : 37
78 240 4 : 11
195 102 309 : 0
3 91 3 : 18
3 91 5 : 18
168 265 146 : 7
3 91 6 : 14
197 6 13 : 6
19 168 3 : 0
265 102 309 : 2
265 265 256 : 65
255 255 255 : 24
42 120 7 : 6
4 13 102 : 0
140 140 78 : 7
6 91 120 : 6
265 146 3 : 4
102 102 265 : 206
140 4 6 : 40
45 5 3 : 18
140 4 4 : 20
78 3 265 : 24
175 142 3 : 0
197 5 91 : 7
5 6 45 : 12
45 5 5 : 30
5 5 240 : 10
63 175 175 : 8
5 6 168 : 6
192 33 6 : 16
122 91 3 : 2
192 33 5 : 403
192 33 3 : 9
195 33 5 : 16
114 42 120 : 83
45 45 254 : 13
102 102 195 : 6
240 240 3 : 30
102 102 196 : 0
240 240 5 : 40
240 240 4 : 81
6 102 309 : 0
240 240 6 : 64
140 195 3 : 34
3 78 265 : 14
174 6 33 : 10
4 168 6 : 17
142 91 91 : 0
11 45 33 : 396
252 252 252 : 300
3 33 196 : 15
3 146 265 : 4
6 54 6 : 6
221 220 220 : 44
4 7 308 : 209
199 202 200 : 15
54 3 45 : 6
19 196 196 : 37
195 45 195 : 16
180 180 45 : 35
5 197 78 : 23
196 196 78 : 14
118 6 78 : 11
125 91 91 : 13
85 195 10 : 0
125 3 140 : 9
174 6 3 : 30
309 265 102 : 24
174 6 5 : 28
42 168 4 : 9
6 4 102 : 7
174 6 6 : 42
240 242 78 : 35
102 265 168 : 287
3 6 33 : 207
168 5 5 : 7
5 27 102 : 0
168 5 6 : 0
168 5 3 : 6
220 118 6 : 7
340 265 265 : 0
5 33 192 : 9
192 125 91 : 8
221 63 120 : 31
122 155 157 : 8
5 33 195 : 9
195 3 265 : 0
174 42 42 : 13
142 195 142 : 0
197 45 3 : 44
3 192 192 : 19
38 5 118 : 43
197 45 6 : 6
120 120 114 : 41
199 201 13 : 1
175 142 265 : 0
174 42 120 : 6
45 6 91 : 43
3 192 140 : 5
221 174 174 : 47
125 192 6 : 141
125 192 5 : 6
78 102 142 : 0
120 6 54 : 7
78 102 146 : 2
5 91 3 : 9
195 3 195 : 267
141 33 195 : 8
5 91 6 : 9
5 91 5 : 53
10 102 102 : 2
13 4 13 : 0
197 192 168 : 6
13 240 13 : 0
168 168 142 : 0
195 3 91 : 6
91 6 142 : 1
168 168 146 : 217
78 4 240 : 24
240 240 195 : 25
240 240 197 : 14
240 240 196 : 1306
6 195 196 : 20
6 195 197 : 24
6 195 195 : 779
196 196 102 : 3
192 125 120 : 10
7 240 5 : 5
125 180 125 : 103
192 125 125 : 106
220 220 195 : 10
4 91 45 : 6
221 168 168 : 30
220 220 196 : 8
3 192 45 : 5
142 102 142 : 0
142 102 146 : 0
10 221 221 : 16
3 3 240 : 8
5 195 120 : 5
45 3 7 : 5
125 6 33 : 5
3 6 11 : 6
118 6 91 : 54
265 168 54 : 28
195 140 195 : 26
13 195 4 : 34
197 3 5 : 17
196 78 240 : 83
197 3 6 : 566
102 102 42 : 6
197 3 3 : 351
142 175 3 : 0
197 6 192 : 6
3 3 265 : 535
78 168 5 : 24
78 168 3 : 35
3 140 195 : 25
125 45 45 : 14
197 220 220 : 19
118 6 10 : 5
3 140 191 : 6
6 6 42 : 12
175 265 175 : 0
240 102 168 : 90
221 63 63 : 17
6 6 45 : 22
125 91 155 : 5
3 42 42 : 7
240 78 168 : 20
1 252 1 : 23
3 7 91 : 5
45 140 140 : 43
5 3 142 : 5
175 307 175 : 19
195 195 195 : 6560
221 265 265 : 154
195 195 196 : 143
6 174 45 : 5
3 265 78 : 13
265 240 265 : 48
6 174 6 : 14
4 168 42 : 226
142 6 102 : 0
6 125 45 : 10
27 309 102 : 0
180 6 91 : 8
102 168 265 : 43
195 33 13 : 1
195 142 78 : 0
42 168 168 : 18
102 91 91 : 1
6 33 33 : 70
196 5 140 : 2
41 6 6 : 6
221 42 54 : 12
196 102 102 : 1
160 159 120 : 39
4 6 33 : 10
102 78 168 : 336
122 174 45 : 28
118 6 13 : 5
45 13 195 : 6
6 174 174 : 134
140 45 3 : 13
4 4 5 : 42
4 4 4 : 19219
4 4 7 : 225
4 4 6 : 86
4 4 3 : 2251
45 140 3 : 18
4 308 3 : 16
146 78 142 : 0
5 220 195 : 33
146 78 146 : 0
45 3 140 : 50
4 4 168 : 77
114 4 3 : 14
114 114 120 : 12
114 4 4 : 17
102 142 142 : 0
91 195 196 : 10
102 142 146 : 0
7 308 4 : 5
6 5 91 : 8
13 13 195 : 2
265 78 5 : 8
163 146 163 : 0
125 3 45 : 15
195 6 3 : 38
125 125 180 : 34
195 6 6 : 99
195 6 5 : 52
6 5 192 : 40
6 265 168 : 10
3 4 168 : 55
6 5 197 : 621
78 168 102 : 367
78 102 6 : 2
3 5 192 : 8
78 102 4 : 12
91 197 192 : 11
3 5 197 : 51
3 5 195 : 37
142 3 78 : 8
57 175 175 : 10
301 301 295 : 4
7 195 120 : 5
195 265 168 : 2
201 199 202 : 17
4 13 265 : 0
120 114 221 : 8
5 45 45 : 54
102 5 10 : 0
102 5 13 : 0
114 195 195 : 35
4 168 168 : 142
3 5 45 : 10
192 45 195 : 6
142 3 119 : 0
168 33 4 : 9
3 5 221 : 67
85 195 265 : 0
78 3 78 : 24
3 45 195 : 42
174 102 221 : 10
5 196 5 : 1
221 27 174 : 60
196 91 6 : 14
175 174 122 : 5
196 85 195 : 17
3 175 265 : 0
3 197 192 : 2764
13 13 265 : 0
192 3 195 : 40
192 3 197 : 337
192 3 3 : 1288
192 3 4 : 8
192 3 5 : 28
192 3 6 : 731
192 3 7 : 5
195 33 196 : 0
195 33 195 : 196
85 102 102 : 0
6 102 221 : 65
78 5 33 : 7
78 265 240 : 1665
192 5 91 : 11
168 102 6 : 226
119 3 6 : 11
168 102 3 : 57
195 6 197 : 5
5 6 192 : 34
4 4 78 : 13
4 33 78 : 9
5 6 197 : 22
5 6 195 : 95
91 11 45 : 17
78 265 196 : 6
266 265 102 : 5
175 4 175 : 135
33 197 140 : 68
175 54 54 : 32
174 13 33 : 7
5 197 196 : 7
5 6 174 : 6
221 221 42 : 41
102 91 102 : 8
195 13 175 : 87
3 102 240 : 20
78 78 6 : 11
140 42 120 : 21
5 192 33 : 8
104 3 265 : 0
221 221 41 : 6
119 146 175 : 0
199 5 140 : 12
162 3 176 : 101
33 3 91 : 6
125 192 125 : 31
309 5 309 : 0
7 175 7 : 70
340 3 168 : 0
6 78 168 : 16
3 195 220 : 7
104 146 142 : 0
78 196 78 : 92
6 192 33 : 13
102 4 102 : 17
6 4 63 : 16
102 5 197 : 6
54 140 5 : 12
54 140 3 : 205
13 168 102 : 8
201 13 5 : 0
4 142 195 : 19
197 6 174 : 19
91 199 195 : 0
6 142 3 : 25
311 78 196 : 8
197 78 265 : 16
196 196 85 : 32
174 174 11 : 62
174 174 13 : 15
4 195 3 : 6
4 195 4 : 7
4 195 5 : 13
102 102 33 : 15
192 197 6 : 5
118 195 38 : 18
191 122 174 : 34
5 5 175 : 6
125 102 102 : 12
197 4 3 : 8
3 221 6 : 12
6 4 168 : 40
78 78 219 : 21
6 6 12 : 9
33 196 195 : 1
3 102 265 : 27
195 196 10 : 11
114 120 195 : 6
307 175 5 : 8
6 195 91 : 25
199 197 3 : 1
265 10 102 : 0
45 331 195 : 5
240 219 311 : 10
42 120 114 : 16
221 4 4 : 17
19 4 265 : 8
221 221 33 : 97
91 45 195 : 13
78 265 4 : 8
78 265 5 : 8
308 3 308 : 7
6 142 102 : 0
78 265 3 : 49
33 91 33 : 13
54 54 85 : 7
196 40 196 : 11
4 240 265 : 5
3 3 63 : 9
146 142 119 : 0
174 5 5 : 6
120 6 42 : 18
120 42 120 : 8
140 240 240 : 8
168 6 6 : 26
54 140 221 : 59
168 6 4 : 23
221 168 6 : 5
114 63 120 : 29
54 195 3 : 9
91 201 54 : 14
240 240 180 : 67
221 168 4 : 13
331 265 265 : 29
45 6 5 : 88
78 140 78 : 3
13 102 142 : 2
42 221 221 : 332
195 120 6 : 28
175 3 120 : 7
91 311 78 : 10
308 308 308 : 7
221 160 159 : 8
4 5 220 : 26
4 5 221 : 36
125 125 91 : 506
6 197 197 : 10
125 175 5 : 6
64 195 195 : 36
102 168 3 : 151
142 142 78 : 0
125 91 240 : 8
43 43 43 : 0
168 168 221 : 7
125 91 45 : 113
91 197 6 : 9
91 197 5 : 10
6 6 192 : 39
6 6 195 : 283
6 6 197 : 26
4 33 3 : 6
