Web
162 5 3 : 3
175 221 221 : 0
265 4 331 : 0
3 3 5 : 37
78 3 195 : 0
3 3 7 : 0
3 3 6 : 25
3 3 3 : 841
6 114 120 : 0
85 195 5 : 0
308 308 3 : 0
268 45 45 : 3
6 6 54 : 0
120 120 3 : 0
5 6 220 : 0
309 309 54 : 22
104 142 146 : 0
104 142 142 : 14
3 265 43 : 52
4 311 240 : 0
102 196 102 : 0
78 265 13 : 0
33 195 195 : 12
140 91 5 : 3
33 195 196 : 9
42 4 168 : 0
3 3 4 : 4
265 142 119 : 2
197 192 3 : 6
5 78 78 : 1
309 3 309 : 0
197 192 6 : 8
140 91 6 : 5
4 10 10 : 0
6 13 195 : 0
54 5 54 : 0
3 125 125 : 0
54 195 199 : 0
221 4 63 : 0
196 5 91 : 5
54 195 195 : 0
54 195 196 : 0
175 120 120 : 0
122 174 174 : 0
54 212 15 : 0
33 5 5 : 0
265 5 102 : 0
4 3 195 : 0
192 6 60 : 0
6 33 125 : 0
175 3 265 : 8
301 301 6 : 17
120 6 3 : 0
240 5 221 : 0
120 6 6 : 0
195 85 102 : 0
192 180 180 : 0
195 5 125 : 0
78 33 78 : 0
6 3 120 : 0
195 5 120 : 0
168 146 265 : 37
33 5 221 : 0
195 33 33 : 14
119 174 175 : 0
256 265 265 : 0
120 57 175 : 0
122 4 78 : 0
114 195 120 : 0
142 3 3 : 85
33 6 3 : 1
104 104 142 : 8
142 3 6 : 0
140 197 140 : 0
33 6 5 : 0
6 196 5 : 0
120 120 6 : 0
27 221 140 : 0
45 3 175 : 0
4 6 265 : 0
114 114 114 : 0
7 78 168 : 0
175 91 265 : 1
201 206 5 : 0
3 175 120 : 0
10 196 91 : 0
78 125 192 : 0
240 265 140 : 0
221 6 63 : 0
102 142 265 : 0
43 265 168 : 54
54 195 5 : 0
85 85 174 : 0
3 7 308 : 0
221 220 6 : 0
125 3 78 : 0
265 146 265 : 28
175 3 4 : 0
175 3 7 : 0
6 78 196 : 0
191 221 63 : 0
6 268 13 : 3
175 3 3 : 17
3 168 146 : 39
3 4 174 : 0
4 175 175 : 0
122 122 331 : 0
3 5 54 : 0
142 7 142 : 10
120 174 7 : 0
221 102 142 : 0
197 221 143 : 0
91 10 10 : 0
209 211 5 : 0
91 174 33 : 0
265 265 43 : 49
180 45 180 : 0
211 5 5 : 0
6 309 102 : 0
142 3 104 : 31
192 4 3 : 0
63 63 221 : 0
3 221 5 : 0
175 174 6 : 0
175 174 7 : 0
120 3 175 : 0
265 13 78 : 1
3 11 45 : 0
33 199 195 : 0
4 140 4 : 0
265 221 221 : 0
142 102 6 : 0
195 4 5 : 0
3 5 125 : 0
168 265 168 : 1805
3 6 265 : 0
125 125 240 : 0
3 265 146 : 17
142 104 146 : 1
6 102 142 : 0
19 3 196 : 0
142 104 142 : 12
78 78 104 : 4
5 5 13 : 0
5 142 4 : 0
5 5 221 : 0
5 5 220 : 0
6 192 5 : 2
229 195 226 : 0
6 192 6 : 0
43 168 168 : 90
102 102 240 : 0
221 5 5 : 0
125 91 102 : 0
221 143 3 : 0
5 4 265 : 0
4 42 4 : 0
175 120 175 : 0
78 78 195 : 5
5 221 140 : 0
78 78 197 : 0
78 78 196 : 0
122 4 4 : 0
78 78 192 : 2
3 7 120 : 0
197 192 4 : 0
175 54 175 : 3
5 221 142 : 0
197 192 5 : 2
196 195 196 : 2
3 78 240 : 1
7 91 195 : 0
168 45 78 : 3
54 54 309 : 70
142 174 3 : 0
11 33 5 : 0
146 142 78 : 0
163 163 146 : 0
91 140 3 : 0
104 104 3 : 9
125 174 174 : 0
42 174 174 : 0
140 140 197 : 0
5 197 91 : 6
41 41 6 : 0
168 119 168 : 0
5 102 309 : 0
6 4 120 : 0
265 195 340 : 5
64 78 45 : 0
120 5 114 : 0
146 265 146 : 8
85 195 102 : 0
146 265 142 : 17
54 3 142 : 3
33 195 201 : 0
6 91 140 : 0
195 140 140 : 0
175 5 197 : 0
240 78 33 : 0
192 140 5 : 2
195 102 102 : 1
3 168 19 : 3
120 6 120 : 0
265 340 265 : 4
196 19 19 : 0
3 4 195 : 0
43 168 3 : 56
6 221 195 : 0
78 102 78 : 0
6 221 197 : 0
195 85 85 : 0
195 91 6 : 1
195 91 5 : 5
13 175 174 : 2
168 7 3 : 0
196 91 5 : 4
54 45 45 : 0
41 54 212 : 0
3 3 78 : 7
19 265 265 : 3
195 196 33 : 6
146 45 45 : 0
54 45 3 : 0
192 192 197 : 0
19 19 221 : 0
192 192 192 : 9
45 3 4 : 0
45 3 5 : 1
45 3 6 : 0
5 45 221 : 0
192 140 195 : 1
45 3 3 : 5
78 45 195 : 0
146 142 104 : 4
78 102 168 : 12
146 142 102 : 0
102 3 7 : 0
175 54 3 : 2
6 118 6 : 0
3 221 221 : 0
309 10 102 : 0
5 125 33 : 0
174 174 142 : 0
7 308 3 : 0
45 3 45 : 0
197 192 192 : 23
221 5 3 : 0
197 192 195 : 2
168 168 122 : 0
197 192 197 : 1
265 19 168 : 6
6 3 13 : 0
162 3 5 : 3
221 168 102 : 0
159 78 5 : 0
197 3 91 : 3
265 311 78 : 0
142 78 195 : 0
3 168 240 : 2
94 6 78 : 0
221 41 41 : 0
78 120 240 : 0
168 43 168 : 82
5 6 5 : 19
240 240 265 : 0
192 102 102 : 5
174 4 3 : 0
1 1 1 : 0
174 4 6 : 0
125 91 258 : 3
125 6 6 : 0
6 6 66 : 0
168 3 43 : 42
265 168 3 : 484
168 54 265 : 0
6 6 63 : 0
91 33 6 : 0
91 33 5 : 1
120 7 175 : 0
240 102 102 : 0
118 45 6 : 0
5 54 140 : 0
6 114 114 : 0
142 265 142 : 44
221 197 174 : 0
104 142 175 : 5
33 175 120 : 0
142 265 146 : 14
13 78 265 : 0
168 42 221 : 0
219 311 240 : 0
63 6 63 : 0
3 195 78 : 0
5 3 192 : 5
120 168 3 : 0
5 3 197 : 29
5 3 195 : 4
6 195 220 : 1
78 125 78 : 0
265 142 102 : 0
265 142 104 : 17
196 102 85 : 0
78 4 265 : 0
221 221 11 : 0
6 102 168 : 1
221 175 195 : 0
6 114 195 : 0
122 331 120 : 0
97 12 174 : 0
45 45 13 : 0
120 7 3 : 0
6 192 125 : 0
63 120 114 : 0
45 91 195 : 0
120 7 7 : 0
120 7 6 : 0
120 7 5 : 0
33 3 33 : 1
201 54 195 : 0
265 104 104 : 9
197 4 220 : 0
85 196 5 : 0
175 162 195 : 0
33 45 5 : 0
4 5 54 : 0
192 6 78 : 0
221 221 5 : 0
102 78 142 : 0
265 104 175 : 4
221 221 6 : 0
102 78 146 : 0
221 221 3 : 1
5 5 309 : 0
180 125 125 : 0
102 309 27 : 0
175 104 175 : 6
85 196 102 : 0
142 13 142 : 0
240 240 311 : 0
4 6 13 : 0
196 78 265 : 0
120 6 7 : 0
3 3 331 : 0
5 240 5 : 0
85 102 27 : 0
3 3 175 : 31
168 168 43 : 75
4 3 54 : 0
3 3 174 : 0
5 220 220 : 0
5 220 221 : 0
168 265 4 : 1
240 331 240 : 0
102 140 78 : 0
3 142 119 : 2
45 174 174 : 0
240 4 240 : 9
78 195 102 : 2
78 195 104 : 5
220 5 3 : 0
4 4 142 : 0
4 4 140 : 0
240 125 78 : 0
63 6 120 : 0
196 196 5 : 1
140 140 6 : 0
45 175 5 : 0
3 33 195 : 0
142 146 142 : 17
45 180 180 : 0
142 146 146 : 2
4 78 78 : 1
60 60 183 : 3
196 78 195 : 0
78 13 13 : 19
5 195 196 : 6
196 78 196 : 0
221 221 195 : 0
45 64 78 : 0
265 240 240 : 1
265 3 195 : 1
3 4 140 : 0
3 4 142 : 0
6 195 45 : 0
41 221 63 : 0
6 195 42 : 0
5 42 120 : 0
142 4 4 : 0
309 195 5 : 0
142 4 6 : 0
240 240 221 : 0
142 4 3 : 0
6 91 54 : 0
102 168 104 : 4
175 6 175 : 0
45 195 140 : 0
102 3 240 : 0
33 192 192 : 0
192 142 265 : 0
4 13 240 : 16
140 4 197 : 0
3 197 33 : 0
240 168 146 : 0
27 309 309 : 0
142 3 13 : 0
5 54 54 : 1
197 85 85 : 0
175 175 91 : 0
4 6 142 : 0
231 228 94 : 0
33 5 140 : 0
33 5 141 : 0
199 201 200 : 0
191 45 175 : 0
102 5 221 : 0
201 120 114 : 0
168 13 102 : 0
196 3 196 : 0
175 174 142 : 0
3 122 168 : 0
142 142 3 : 71
142 142 4 : 1
142 142 7 : 10
142 142 6 : 0
220 195 220 : 1
13 13 240 : 12
140 120 175 : 0
78 240 140 : 0
162 195 13 : 0
195 4 78 : 0
125 125 258 : 0
265 168 146 : 46
119 142 142 : 3
202 168 102 : 0
5 141 195 : 1
102 240 240 : 0
120 175 6 : 0
120 175 3 : 0
78 175 175 : 0
142 3 265 : 63
6 12 195 : 0
38 197 6 : 0
6 175 7 : 0
4 4 91 : 0
175 5 45 : 0
163 146 146 : 0
4 220 195 : 0
102 102 78 : 2
13 5 3 : 0
120 114 114 : 0
6 38 4 : 0
13 5 5 : 0
6 91 192 : 2
54 102 102 : 0
4 265 78 : 0
6 91 196 : 1
4 195 195 : 0
6 91 195 : 2
5 6 91 : 16
175 175 3 : 4
6 91 199 : 0
175 175 5 : 0
175 175 4 : 0
175 175 7 : 0
175 175 6 : 0
140 3 140 : 0
54 175 54 : 0
102 4 168 : 0
78 78 180 : 0
174 3 195 : 0
33 6 6 : 0
11 3 3 : 0
6 175 195 : 0
104 175 3 : 7
191 192 6 : 0
91 13 13 : 5
140 3 221 : 0
6 78 146 : 0
200 195 195 : 0
142 3 4 : 0
6 78 142 : 0
146 122 168 : 0
162 54 122 : 0
195 331 120 : 0
180 180 78 : 0
4 331 4 : 0
118 6 6 : 0
118 6 5 : 0
4 197 192 : 0
146 265 175 : 2
168 102 183 : 3
5 5 125 : 1
146 142 265 : 12
5 4 197 : 0
5 192 6 : 4
195 196 40 : 0
5 192 5 : 7
125 258 311 : 0
6 6 196 : 0
54 54 195 : 0
54 54 197 : 0
3 175 54 : 3
159 45 45 : 0
119 168 119 : 0
240 219 91 : 0
27 102 27 : 0
78 142 13 : 0
195 196 78 : 0
3 10 221 : 0
220 220 5 : 0
220 220 4 : 0
220 220 6 : 3
221 118 6 : 0
195 175 195 : 0
54 5 197 : 0
91 91 174 : 0
120 114 5 : 0
221 3 3 : 0
102 309 195 : 0
102 309 196 : 0
221 3 6 : 0
7 7 119 : 0
91 192 192 : 0
168 102 91 : 8
221 195 195 : 0
240 265 265 : 0
120 102 102 : 0
5 102 5 : 0
6 265 6 : 0
197 91 6 : 0
102 168 91 : 7
309 54 3 : 5
120 240 78 : 0
201 199 3 : 0
3 45 6 : 0
66 63 63 : 0
3 45 5 : 0
120 6 174 : 0
3 6 195 : 0
3 6 196 : 0
3 6 197 : 4
6 6 240 : 0
6 3 142 : 0
78 5 196 : 0
78 5 197 : 0
13 142 4 : 0
265 265 13 : 0
5 207 94 : 0
120 4 4 : 0
6 38 5 : 0
45 192 5 : 2
104 175 175 : 5
265 175 175 : 2
45 45 33 : 0
27 221 3 : 0
33 3 125 : 0
175 3 104 : 6
7 195 195 : 0
6 7 120 : 0
91 192 5 : 4
168 102 168 : 420
114 3 6 : 0
142 102 78 : 0
168 168 91 : 10
114 162 162 : 0
220 197 5 : 0
91 6 91 : 4
45 199 200 : 0
45 199 201 : 0
240 42 120 : 0
3 91 142 : 1
196 195 33 : 5
3 91 140 : 0
3 240 265 : 1
91 195 5 : 7
91 195 4 : 0
6 6 78 : 0
91 195 3 : 2
27 6 199 : 0
5 174 102 : 0
102 85 265 : 0
175 265 142 : 8
104 265 3 : 27
27 102 5 : 0
142 265 175 : 6
6 11 11 : 0
221 197 160 : 0
196 265 102 : 0
175 208 175 : 0
168 168 45 : 6
10 6 195 : 0
221 102 4 : 0
168 146 45 : 0
195 142 142 : 0
175 63 175 : 0
265 3 78 : 5
240 3 6 : 0
195 192 3 : 0
240 3 4 : 0
4 33 33 : 0
168 168 119 : 0
174 3 5 : 0
174 3 6 : 0
3 54 140 : 0
195 6 91 : 0
102 33 5 : 0
33 6 91 : 0
175 175 120 : 0
3 119 142 : 1
240 6 10 : 0
45 192 45 : 1
292 3 265 : 0
125 91 268 : 0
240 221 221 : 0
6 192 3 : 2
5 6 78 : 0
45 3 195 : 0
6 192 243 : 0
195 78 102 : 0
94 6 6 : 0
20 174 201 : 0
7 308 308 : 0
192 6 42 : 0
91 5 3 : 20
13 240 240 : 15
255 5 3 : 0
192 6 45 : 0
195 221 221 : 0
91 196 196 : 1
5 120 63 : 0
195 45 45 : 0
175 3 6 : 0
221 120 6 : 0
201 5 13 : 0
4 6 63 : 0
195 140 6 : 1
78 78 33 : 1
33 33 140 : 0
102 91 45 : 4
221 4 240 : 0
192 195 6 : 1
104 265 104 : 3
192 195 5 : 1
192 195 3 : 0
104 3 192 : 0
120 114 42 : 0
3 142 104 : 14
3 195 3 : 6
168 54 102 : 0
6 91 45 : 0
265 265 331 : 0
54 5 6 : 0
3 265 3 : 297
311 78 4 : 0
78 13 265 : 0
195 6 196 : 0
4 175 174 : 0
195 6 195 : 1
195 6 192 : 1
3 4 175 : 0
175 119 142 : 1
174 54 197 : 0
33 4 3 : 0
5 221 93 : 0
10 102 5 : 0
168 3 195 : 6
33 4 4 : 0
6 195 78 : 0
78 6 78 : 1
221 168 3 : 0
191 122 45 : 0
5 192 125 : 0
196 78 5 : 0
196 196 240 : 0
6 168 240 : 0
6 5 141 : 0
6 5 140 : 2
199 102 102 : 0
78 196 240 : 0
3 5 33 : 0
114 120 221 : 0
13 13 13 : 20
221 102 168 : 4
3 13 13 : 0
168 340 168 : 11
4 174 174 : 0
265 240 4 : 2
195 220 220 : 5
141 141 45 : 0
197 91 195 : 2
91 5 6 : 11
119 168 168 : 0
3 4 33 : 0
266 102 102 : 0
174 195 195 : 0
240 311 240 : 0
168 146 168 : 120
45 141 195 : 0
192 125 5 : 0
301 301 221 : 23
301 301 220 : 31
265 265 340 : 9
175 7 175 : 0
3 265 142 : 50
33 125 5 : 0
45 13 33 : 0
6 45 3 : 0
255 265 6 : 0
33 125 3 : 0
192 192 5 : 1
196 3 78 : 0
175 5 195 : 0
159 120 168 : 0
63 4 120 : 0
5 5 33 : 0
168 265 102 : 21
3 163 3 : 0
3 6 201 : 0
221 221 265 : 0
240 168 54 : 0
175 5 54 : 0
54 45 192 : 0
197 221 221 : 0
102 102 221 : 0
102 102 85 : 0
6 196 195 : 0
3 43 3 : 19
63 6 42 : 0
120 114 120 : 0
114 114 42 : 0
125 146 168 : 0
199 5 197 : 0
91 91 6 : 4
5 120 120 : 0
3 195 120 : 0
142 175 265 : 6
5 6 125 : 1
91 102 102 : 6
91 6 10 : 0
140 3 175 : 0
6 91 340 : 0
175 265 265 : 4
240 102 240 : 0
301 6 220 : 4
195 196 220 : 0
6 91 6 : 1
309 85 102 : 0
91 5 221 : 0
195 5 195 : 10
240 240 168 : 0
3 33 33 : 0
159 192 125 : 0
5 140 3 : 0
78 5 207 : 0
91 3 91 : 10
6 120 114 : 0
4 142 142 : 0
13 4 4 : 31
20 33 5 : 0
63 3 3 : 0
140 191 221 : 0
4 265 331 : 0
174 174 45 : 0
174 174 42 : 0
221 102 6 : 0
102 5 140 : 1
195 5 192 : 3
220 195 4 : 0
146 265 168 : 35
3 43 168 : 36
162 114 114 : 0
221 175 5 : 0
176 3 176 : 0
240 78 13 : 6
195 5 3 : 8
142 104 3 : 28
265 13 240 : 0
114 5 141 : 0
10 10 10 : 0
114 63 114 : 0
45 199 5 : 0
195 102 168 : 1
102 6 265 : 0
197 91 91 : 1
221 63 6 : 0
199 213 5 : 0
221 63 4 : 0
102 4 240 : 0
85 40 195 : 0
5 140 5 : 2
7 7 102 : 0
102 27 10 : 0
3 309 54 : 3
6 268 5 : 0
5 60 197 : 0
78 240 5 : 0
78 102 102 : 4
45 45 120 : 0
168 102 163 : 5
175 7 3 : 0
6 91 168 : 0
175 7 7 : 0
78 6 195 : 0
63 175 195 : 0
102 6 195 : 0
54 102 6 : 0
120 6 102 : 0
146 146 168 : 10
5 3 78 : 0
57 175 54 : 3
196 3 19 : 0
85 309 102 : 0
146 146 163 : 0
142 119 3 : 2
4 140 120 : 0
3 140 3 : 0
142 102 102 : 0
3 140 4 : 0
33 265 168 : 0
3 140 6 : 0
265 4 6 : 0
175 175 208 : 0
265 168 168 : 1713
45 192 192 : 0
195 195 240 : 0
162 114 162 : 0
175 175 201 : 0
4 197 140 : 0
19 19 3 : 156
265 78 240 : 0
91 196 195 : 1
91 155 157 : 0
3 219 140 : 0
195 220 6 : 1
240 240 240 : 10
240 240 242 : 0
265 265 5 : 0
265 265 4 : 0
265 265 6 : 0
146 168 168 : 94
168 195 265 : 4
265 265 3 : 329
265 168 340 : 5
197 140 197 : 0
265 78 13 : 0
5 120 6 : 0
202 200 195 : 0
309 309 85 : 0
195 201 195 : 0
174 45 45 : 0
175 45 175 : 0
311 78 240 : 0
168 195 340 : 7
3 195 91 : 2
265 3 43 : 25
5 10 102 : 0
265 142 3 : 45
33 33 33 : 29
265 265 78 : 1
102 120 102 : 0
265 168 292 : 0
175 146 3 : 3
168 78 195 : 1
13 195 195 : 6
146 104 3 : 10
3 120 120 : 0
221 175 175 : 0
221 175 174 : 0
196 309 102 : 0
195 120 120 : 0
168 168 102 : 186
91 91 91 : 13
91 6 102 : 0
195 201 120 : 0
140 221 3 : 0
142 6 142 : 0
3 142 265 : 42
265 168 195 : 4
140 140 42 : 0
240 4 168 : 0
4 5 4 : 1
240 240 13 : 14
78 5 5 : 0
45 5 45 : 0
39 196 5 : 0
4 5 5 : 0
13 33 33 : 9
7 3 7 : 0
13 195 174 : 0
13 265 4 : 2
168 102 192 : 14
192 33 192 : 0
140 6 45 : 0
174 27 221 : 0
309 5 5 : 0
3 78 78 : 14
3 4 91 : 0
3 3 221 : 0
3 3 220 : 0
33 175 175 : 0
143 3 195 : 0
240 240 331 : 0
3 13 102 : 0
240 78 4 : 11
3 33 5 : 0
3 33 4 : 0
3 33 6 : 0
3 33 3 : 0
3 4 308 : 0
54 142 142 : 5
146 104 142 : 4
240 4 265 : 0
240 331 265 : 0
78 195 3 : 0
43 43 168 : 25
11 33 192 : 0
78 195 4 : 0
140 197 192 : 5
3 91 195 : 1
192 45 45 : 0
146 78 102 : 2
142 265 265 : 26
78 195 78 : 1
3 125 78 : 0
78 3 140 : 0
6 78 195 : 0
6 7 4 : 0
102 142 102 : 1
221 221 175 : 0
38 4 78 : 0
142 13 102 : 0
5 197 221 : 0
104 265 265 : 15
78 265 311 : 0
13 78 240 : 4
289 11 45 : 0
174 175 11 : 0
4 221 221 : 0
221 3 195 : 0
125 268 5 : 0
191 122 54 : 0
6 85 195 : 0
102 6 240 : 0
6 91 78 : 1
4 45 4 : 0
3 175 195 : 0
168 54 3 : 0
168 3 340 : 7
102 265 78 : 0
5 175 195 : 0
91 192 195 : 0
60 5 60 : 0
4 221 27 : 0
78 125 125 : 0
197 221 195 : 0
91 6 54 : 0
6 3 192 : 3
140 54 140 : 0
6 3 195 : 3
6 201 199 : 0
33 6 33 : 0
85 195 195 : 0
140 120 6 : 0
104 104 265 : 5
3 125 3 : 0
13 13 5 : 2
13 13 4 : 22
240 265 221 : 0
6 3 33 : 0
240 220 220 : 0
268 5 197 : 0
140 3 54 : 0
309 102 195 : 0
3 265 175 : 6
33 195 78 : 0
6 120 3 : 0
140 78 195 : 0
146 3 104 : 3
265 4 4 : 2
102 4 6 : 0
220 6 197 : 0
168 168 195 : 6
195 196 102 : 0
240 54 54 : 0
102 10 309 : 0
78 146 6 : 0
33 33 199 : 0
5 5 45 : 1
33 33 197 : 0
33 33 196 : 7
33 33 195 : 17
4 91 91 : 0
3 168 265 : 511
33 33 192 : 0
114 114 5 : 0
301 301 301 : 513
6 5 162 : 3
102 195 5 : 1
175 146 142 : 5
102 142 4 : 0
221 221 221 : 1
102 142 6 : 0
240 196 78 : 0
102 102 91 : 4
195 197 192 : 2
125 5 197 : 0
196 195 6 : 0
195 197 195 : 0
114 11 45 : 0
202 5 197 : 0
4 91 78 : 0
195 195 4 : 0
240 180 180 : 0
6 91 13 : 3
309 102 85 : 0
240 78 219 : 0
91 38 118 : 0
102 78 78 : 1
6 33 3 : 0
6 33 6 : 0
6 33 5 : 21
168 3 168 : 947
102 13 102 : 2
175 54 140 : 0
6 13 85 : 0
125 125 122 : 0
45 175 221 : 0
125 125 125 : 21
3 5 6 : 21
43 3 43 : 5
7 174 174 : 0
6 265 102 : 0
7 175 120 : 0
102 102 309 : 0
5 175 175 : 0
180 180 91 : 0
5 5 102 : 0
5 192 91 : 5
202 175 13 : 0
102 102 122 : 1
195 220 5 : 0
4 194 118 : 0
174 174 54 : 0
174 174 57 : 3
54 3 195 : 0
120 5 120 : 0
142 142 104 : 18
120 4 120 : 0
120 240 240 : 0
85 5 309 : 0
6 4 240 : 0
43 265 265 : 38
6 63 6 : 0
4 4 33 : 0
5 27 174 : 0
4 5 6 : 0
3 168 45 : 0
54 54 221 : 0
163 168 168 : 4
265 54 146 : 0
78 142 78 : 0
3 168 43 : 55
195 206 60 : 0
168 104 91 : 5
91 142 142 : 0
195 140 78 : 0
43 168 265 : 60
45 6 195 : 0
45 6 196 : 0
85 195 85 : 0
6 142 146 : 0
102 27 27 : 0
6 142 142 : 0
195 340 340 : 3
7 7 175 : 0
140 3 219 : 0
91 195 91 : 4
13 3 3 : 0
4 3 175 : 0
54 309 309 : 21
91 201 195 : 0
91 5 140 : 3
168 78 3 : 15
54 85 196 : 0
3 265 221 : 0
174 174 195 : 0
78 192 125 : 0
102 146 78 : 0
120 6 114 : 0
6 120 120 : 0
102 265 3 : 0
168 4 168 : 10
192 125 195 : 0
192 45 78 : 1
45 33 196 : 0
6 6 221 : 0
45 33 192 : 3
5 3 45 : 0
4 7 3 : 0
6 7 142 : 0
221 168 240 : 0
228 94 6 : 0
146 6 78 : 0
194 118 6 : 0
5 54 3 : 0
102 6 142 : 0
5 54 6 : 0
5 54 5 : 0
196 195 3 : 0
174 6 91 : 0
175 140 120 : 0
102 27 102 : 0
196 195 5 : 1
4 240 331 : 0
6 197 5 : 1
168 168 265 : 1757
91 197 197 : 0
91 197 195 : 1
6 197 3 : 4
265 168 4 : 2
4 91 6 : 0
142 146 3 : 18
221 63 195 : 0
6 5 41 : 0
142 102 13 : 0
6 13 5 : 0
6 11 33 : 0
3 140 140 : 0
140 6 195 : 0
7 3 42 : 0
91 4 11 : 0
6 6 91 : 4
3 175 45 : 0
39 5 4 : 0
63 6 3 : 0
45 102 102 : 1
63 6 5 : 0
192 6 125 : 2
221 197 140 : 0
63 6 6 : 0
5 309 85 : 0
41 41 60 : 0
78 91 6 : 0
142 265 119 : 2
195 340 168 : 7
240 13 78 : 4
122 4 5 : 0
221 6 240 : 0
45 5 192 : 0
33 33 45 : 0
265 4 240 : 0
191 122 268 : 3
265 104 3 : 26
240 265 168 : 0
125 91 195 : 0
175 175 104 : 5
265 5 6 : 0
13 102 102 : 1
265 5 4 : 0
140 27 174 : 0
140 197 3 : 0
195 221 5 : 0
27 7 7 : 0
265 4 78 : 0
4 221 168 : 0
3 19 19 : 155
195 40 195 : 0
265 168 240 : 0
3 3 120 : 0
33 195 140 : 0
3 3 122 : 0
141 141 33 : 0
146 146 3 : 5
175 6 3 : 3
221 66 6 : 0
33 3 45 : 0
122 45 45 : 0
125 91 175 : 0
265 104 146 : 2
13 240 265 : 0
11 11 11 : 0
265 104 142 : 10
38 6 6 : 0
175 104 142 : 5
196 3 3 : 0
174 6 199 : 0
19 196 19 : 0
65 174 191 : 0
180 180 6 : 0
168 3 78 : 9
3 6 175 : 0
78 78 10 : 0
78 78 13 : 2
114 63 6 : 0
114 63 5 : 0
292 292 3 : 0
157 266 160 : 0
265 240 168 : 0
4 33 5 : 0
45 192 163 : 4
120 114 63 : 0
45 175 45 : 0
125 195 3 : 0
256 265 3 : 0
125 195 5 : 0
42 221 5 : 0
45 175 42 : 0
78 13 240 : 4
78 78 221 : 0
212 15 54 : 0
125 125 54 : 0
7 3 195 : 0
4 122 122 : 0
240 265 102 : 0
4 4 195 : 0
4 4 194 : 0
4 4 197 : 0
221 221 160 : 0
200 33 195 : 0
3 197 6 : 4
102 102 255 : 0
102 85 10 : 0
197 140 45 : 0
221 221 168 : 0
240 5 5 : 0
168 43 265 : 54
197 63 41 : 0
240 5 3 : 0
221 220 221 : 0
7 3 175 : 0
197 197 192 : 1
197 197 195 : 0
13 102 91 : 0
33 13 33 : 10
6 168 265 : 0
3 7 240 : 0
78 168 265 : 1
3 174 174 : 0
221 42 120 : 0
197 220 5 : 0
174 3 45 : 0
142 142 119 : 2
174 3 42 : 0
192 91 4 : 0
174 122 91 : 0
174 175 4 : 0
221 102 102 : 4
3 4 13 : 0
102 78 240 : 0
195 54 140 : 0
3 4 19 : 0
122 54 45 : 0
4 4 265 : 2
3 114 42 : 0
91 192 45 : 0
5 125 3 : 0
5 125 5 : 0
175 174 174 : 3
175 174 175 : 0
168 146 146 : 8
176 162 3 : 0
91 195 192 : 1
6 3 140 : 0
146 3 175 : 7
301 295 301 : 10
3 265 168 : 524
3 6 221 : 0
175 5 175 : 0
175 195 307 : 0
146 163 163 : 0
265 221 265 : 0
27 102 102 : 0
197 221 3 : 0
195 33 120 : 0
159 120 140 : 0
125 240 91 : 0
5 5 54 : 0
78 142 102 : 0
175 146 175 : 2
6 102 102 : 2
4 168 221 : 0
54 240 54 : 1
195 162 162 : 0
192 5 125 : 0
102 122 33 : 0
199 5 63 : 0
195 240 240 : 0
102 5 3 : 0
102 5 5 : 0
102 5 6 : 0
4 221 4 : 0
197 6 91 : 2
174 175 120 : 0
63 6 27 : 0
9 195 10 : 0
114 114 63 : 0
125 192 192 : 0
114 120 5 : 0
7 195 42 : 0
3 122 5 : 0
309 5 195 : 0
340 168 3 : 9
265 340 168 : 8
265 78 4 : 0
97 11 45 : 0
265 78 3 : 1
3 114 114 : 0
104 3 142 : 33
199 200 33 : 0
45 168 102 : 4
6 45 54 : 0
3 331 120 : 0
120 63 120 : 0
119 142 265 : 1
192 192 243 : 3
5 5 174 : 0
174 174 5 : 0
3 102 102 : 0
91 78 180 : 0
6 13 78 : 0
4 168 240 : 0
78 265 168 : 2
221 3 221 : 0
45 221 197 : 0
195 120 175 : 0
91 192 91 : 1
175 5 221 : 0
43 3 168 : 49
3 195 140 : 0
125 3 125 : 0
195 120 5 : 0
174 33 102 : 0
3 6 91 : 17
195 120 3 : 0
43 195 340 : 2
122 268 45 : 3
240 78 78 : 4
195 54 3 : 1
85 85 102 : 0
4 269 196 : 0
3 168 54 : 0
174 4 120 : 0
3 78 195 : 2
120 3 195 : 0
195 125 195 : 0
3 38 78 : 0
221 120 114 : 0
265 102 6 : 0
201 202 201 : 0
265 102 3 : 0
102 85 102 : 0
192 6 54 : 1
104 146 265 : 2
265 3 3 : 311
33 197 3 : 0
265 3 4 : 1
4 13 4 : 34
196 33 195 : 5
102 309 309 : 0
168 265 340 : 5
168 102 45 : 14
168 240 102 : 0
3 180 180 : 0
63 41 221 : 0
240 240 220 : 0
168 102 221 : 7
148 140 4 : 0
196 5 3 : 0
195 27 85 : 0
4 45 45 : 0
196 195 195 : 10
5 140 140 : 2
3 6 142 : 0
6 197 192 : 1
3 6 140 : 0
4 4 331 : 0
63 63 63 : 0
219 240 311 : 0
202 199 200 : 0
54 175 6 : 3
168 102 5 : 4
146 102 78 : 0
146 146 146 : 4
5 4 5 : 0
5 4 6 : 0
114 195 42 : 0
146 146 142 : 6
120 3 114 : 0
5 4 3 : 1
7 142 7 : 5
78 192 240 : 0
91 195 102 : 0
4 140 140 : 0
265 175 142 : 4
221 140 27 : 0
265 175 146 : 5
175 6 6 : 0
192 6 5 : 3
192 6 6 : 3
192 6 3 : 0
195 195 220 : 5
168 168 42 : 0
195 3 6 : 1
195 3 5 : 2
195 3 3 : 3
240 196 240 : 0
146 168 146 : 20
265 168 78 : 2
265 168 102 : 17
174 175 45 : 0
91 174 6 : 0
195 174 174 : 0
140 3 240 : 0
180 240 240 : 0
265 78 168 : 2
168 91 163 : 4
220 220 220 : 0
6 6 125 : 0
3 91 91 : 4
240 240 102 : 0
5 140 27 : 0
168 78 240 : 0
142 265 104 : 20
3 331 4 : 0
311 78 265 : 0
142 265 102 : 0
180 78 180 : 0
6 6 120 : 0
195 78 5 : 0
4 4 192 : 0
195 78 3 : 0
5 195 5 : 14
5 195 4 : 0
3 255 255 : 0
5 195 6 : 3
4 63 221 : 0
5 195 3 : 2
5 6 191 : 0
201 195 201 : 0
265 142 146 : 18
192 140 197 : 0
265 265 19 : 1
102 221 102 : 5
265 142 142 : 51
175 175 175 : 11
175 175 174 : 0
45 54 140 : 0
240 78 5 : 0
172 172 172 : 0
120 3 54 : 0
311 78 33 : 0
142 6 78 : 0
4 146 168 : 2
221 301 301 : 25
102 174 168 : 0
240 240 33 : 0
5 4 118 : 0
3 3 114 : 0
5 4 195 : 0
175 6 11 : 0
104 168 102 : 4
192 192 33 : 0
54 174 174 : 1
240 240 219 : 0
13 102 168 : 4
301 221 301 : 22
4 3 120 : 0
174 7 174 : 0
174 7 175 : 0
78 142 6 : 0
102 78 102 : 0
197 45 45 : 0
5 38 5 : 0
3 142 3 : 118
195 5 197 : 3
6 221 221 : 0
3 142 7 : 0
3 142 4 : 0
78 168 78 : 7
265 13 4 : 0
195 5 5 : 9
195 5 4 : 0
195 5 6 : 3
174 122 45 : 0
192 6 91 : 5
91 5 45 : 0
195 120 195 : 0
54 265 265 : 1
192 6 96 : 0
45 4 91 : 0
195 85 195 : 0
195 85 196 : 0
221 5 197 : 0
197 140 4 : 0
19 265 168 : 4
6 9 195 : 0
91 168 146 : 0
78 195 140 : 0
197 140 3 : 0
78 195 142 : 0
140 4 221 : 0
6 140 3 : 0
5 240 240 : 0
122 33 195 : 0
146 78 6 : 0
180 192 180 : 0
91 5 5 : 43
91 5 4 : 0
3 91 197 : 2
4 78 240 : 12
78 3 168 : 7
142 146 104 : 10
175 5 63 : 0
142 146 102 : 0
192 91 91 : 3
120 3 7 : 0
162 162 195 : 0
140 140 140 : 0
78 240 196 : 0
192 4 140 : 0
265 140 3 : 0
5 41 41 : 0
265 140 4 : 0
221 197 192 : 0
6 91 10 : 0
6 91 11 : 0
309 27 10 : 0
265 265 175 : 2
3 4 240 : 0
142 142 102 : 2
197 3 195 : 0
45 175 175 : 0
78 195 5 : 0
7 3 168 : 0
5 3 91 : 21
265 195 168 : 7
91 122 4 : 0
3 4 78 : 1
120 120 7 : 0
6 168 102 : 0
63 221 4 : 0
197 3 197 : 4
63 221 6 : 0
33 78 33 : 0
7 308 7 : 0
54 6 91 : 0
242 78 78 : 0
196 195 40 : 0
63 6 221 : 0
3 63 3 : 0
4 168 102 : 0
10 118 6 : 0
195 146 78 : 0
175 175 221 : 0
174 142 142 : 0
168 13 168 : 1
45 140 195 : 0
240 4 4 : 27
175 104 265 : 2
174 11 11 : 0
3 140 78 : 0
4 265 240 : 2
141 195 141 : 0
265 43 168 : 83
146 3 168 : 42
33 3 6 : 0
33 3 5 : 0
240 3 78 : 0
38 10 38 : 0
5 3 168 : 2
6 142 6 : 0
6 142 7 : 0
6 142 4 : 0
6 6 174 : 0
6 5 220 : 0
6 5 221 : 0
197 221 6 : 0
340 168 168 : 15
240 174 174 : 3
4 13 195 : 0
192 3 240 : 0
174 174 3 : 0
104 3 146 : 6
174 174 7 : 0
174 174 6 : 0
240 195 195 : 0
168 221 168 : 0
192 197 197 : 1
5 221 45 : 0
192 197 192 : 0
195 42 41 : 0
221 221 201 : 0
6 5 33 : 0
168 78 265 : 3
192 4 13 : 0
91 91 197 : 1
4 120 174 : 0
5 4 220 : 0
191 6 6 : 0
265 265 221 : 0
63 195 195 : 0
175 42 175 : 0
4 102 168 : 2
78 78 142 : 0
78 78 140 : 0
78 78 146 : 0
91 174 174 : 0
265 146 142 : 1
78 45 45 : 1
174 3 3 : 0
265 146 146 : 9
265 240 13 : 1
125 125 102 : 0
252 1 1 : 0
168 3 146 : 24
6 78 102 : 2
120 3 6 : 0
340 340 3 : 3
120 3 3 : 1
78 240 219 : 0
5 221 6 : 0
3 308 3 : 0
5 5 168 : 0
40 195 195 : 0
91 229 195 : 0
160 159 159 : 0
5 221 4 : 0
168 240 240 : 1
6 45 45 : 3
102 102 102 : 46
6 4 78 : 0
4 220 5 : 0
140 221 197 : 0
45 45 64 : 0
45 45 65 : 0
45 45 66 : 0
221 221 174 : 0
85 195 174 : 0
91 45 174 : 0
54 146 265 : 0
192 168 168 : 5
102 6 3 : 1
102 6 6 : 0
196 38 6 : 0
102 6 4 : 0
102 6 5 : 0
3 6 85 : 0
78 140 140 : 0
12 195 6 : 0
6 91 229 : 0
226 85 195 : 0
5 168 102 : 5
13 5 197 : 5
196 196 91 : 6
102 265 265 : 9
45 5 6 : 0
33 45 33 : 0
140 45 175 : 0
140 78 78 : 0
118 221 6 : 0
221 63 221 : 0
221 255 255 : 0
265 19 4 : 0
199 195 5 : 0
6 3 3 : 16
6 3 4 : 0
6 3 5 : 17
6 3 6 : 11
125 240 78 : 0
195 195 168 : 0
3 78 168 : 7
91 45 5 : 3
91 45 6 : 0
3 221 27 : 0
27 174 13 : 0
5 6 33 : 0
168 119 265 : 0
4 3 3 : 3
4 3 6 : 1
4 3 7 : 0
45 45 175 : 0
4 3 5 : 0
196 5 195 : 3
78 6 142 : 0
6 96 97 : 0
45 13 5 : 0
141 6 141 : 0
54 221 221 : 0
220 6 63 : 0
5 197 197 : 4
195 33 3 : 0
5 197 195 : 1
196 196 196 : 17
114 162 114 : 0
45 78 5 : 1
60 102 168 : 5
3 43 265 : 27
104 174 175 : 4
5 197 199 : 0
118 6 118 : 0
3 54 54 : 9
33 196 5 : 0
33 196 3 : 0
6 7 91 : 0
5 195 45 : 0
168 168 240 : 2
85 5 102 : 0
168 168 54 : 0
265 168 43 : 44
340 3 265 : 6
168 4 240 : 0
168 45 192 : 4
3 168 195 : 3
43 43 3 : 10
91 141 6 : 0
45 141 141 : 0
6 221 63 : 0
146 142 175 : 4
6 6 331 : 0
119 3 142 : 2
174 33 5 : 0
3 146 104 : 9
91 240 240 : 0
256 265 102 : 0
175 191 122 : 3
119 265 142 : 1
6 6 114 : 0
120 7 120 : 0
340 265 168 : 7
265 168 5 : 0
192 5 6 : 2
192 5 5 : 11
192 5 3 : 7
5 5 5 : 109
5 5 4 : 0
5 5 6 : 23
5 3 140 : 0
19 3 19 : 123
168 3 45 : 0
195 195 120 : 0
265 4 265 : 1
265 142 175 : 10
78 5 221 : 0
195 175 175 : 0
146 265 265 : 27
102 102 197 : 0
102 265 309 : 0
6 6 201 : 0
180 180 192 : 0
54 265 168 : 2
63 6 11 : 0
125 54 45 : 0
195 195 11 : 0
240 221 265 : 0
195 195 13 : 1
60 5 221 : 0
3 102 78 : 0
265 168 265 : 1027
78 125 240 : 0
197 221 197 : 0
120 7 174 : 0
221 78 5 : 0
308 7 308 : 0
6 7 42 : 0
3 102 7 : 0
196 33 33 : 16
3 102 5 : 0
3 102 4 : 0
3 102 3 : 1
54 197 192 : 0
221 240 221 : 0
5 125 125 : 0
140 6 91 : 0
175 42 7 : 0
6 3 197 : 1
4 118 195 : 0
85 10 102 : 0
140 195 6 : 0
140 195 5 : 1
240 140 78 : 0
240 168 168 : 0
6 195 6 : 0
221 6 195 : 0
6 195 4 : 0
6 195 5 : 3
6 195 3 : 0
140 195 125 : 0
6 54 3 : 0
10 5 54 : 0
102 168 102 : 316
197 5 192 : 1
7 3 3 : 0
197 5 197 : 1
7 3 4 : 0
197 5 195 : 0
7 3 6 : 0
268 4 268 : 0
120 6 142 : 0
140 140 120 : 0
308 3 7 : 0
3 78 3 : 4
308 3 4 : 0
3 78 6 : 0
195 4 175 : 0
102 197 221 : 0
6 54 5 : 0
5 3 3 : 44
201 195 5 : 0
221 221 140 : 0
331 4 265 : 0
78 4 13 : 12
45 5 197 : 3
5 3 5 : 78
3 175 4 : 0
196 4 78 : 0
3 3 104 : 36
146 6 142 : 0
3 3 102 : 0
54 54 175 : 0
6 192 192 : 3
192 6 289 : 0
33 13 13 : 8
54 54 174 : 1
195 6 175 : 0
268 268 268 : 0
265 265 168 : 887
7 119 6 : 0
142 142 175 : 8
142 142 174 : 0
7 119 3 : 0
3 192 125 : 0
195 196 5 : 7
195 141 6 : 0
240 33 195 : 0
240 33 196 : 0
4 265 221 : 0
162 162 162 : 0
6 3 7 : 0
3 5 120 : 0
3 197 45 : 0
33 78 4 : 0
33 78 5 : 0
85 5 197 : 0
3 104 3 : 37
4 78 4 : 16
33 5 195 : 0
196 40 195 : 0
33 5 197 : 3
4 4 240 : 23
3 140 45 : 0
4 42 120 : 0
41 60 97 : 0
91 20 174 : 0
27 10 102 : 0
91 4 3 : 0
91 4 4 : 0
4 268 268 : 0
91 4 6 : 0
309 102 309 : 0
174 5 197 : 0
142 3 38 : 0
142 78 13 : 0
125 125 3 : 0
125 125 5 : 0
265 265 309 : 0
125 125 6 : 0
13 265 240 : 2
102 3 102 : 0
6 221 174 : 0
142 175 119 : 2
146 163 146 : 0
240 265 4 : 0
120 175 175 : 0
120 175 174 : 0
104 13 5 : 6
192 3 33 : 0
221 265 240 : 0
104 3 175 : 11
102 102 5 : 1
102 102 4 : 0
102 102 6 : 0
265 3 142 : 55
265 102 142 : 0
6 63 63 : 0
5 221 197 : 0
5 221 195 : 0
5 221 54 : 1
3 3 91 : 21
309 195 196 : 0
195 10 195 : 0
3 4 3 : 3
85 195 309 : 0
102 4 3 : 0
5 5 91 : 29
3 4 7 : 0
3 4 4 : 0
3 4 5 : 0
102 4 4 : 0
4 221 118 : 0
158 158 158 : 0
6 120 7 : 0
240 78 265 : 0
13 13 102 : 0
220 6 195 : 5
221 195 5 : 0
265 146 175 : 3
5 221 175 : 0
3 265 240 : 1
125 125 175 : 0
125 125 174 : 0
91 3 195 : 0
207 94 6 : 0
174 13 175 : 0
3 199 5 : 0
220 5 220 : 0
146 142 3 : 15
5 63 175 : 0
221 197 45 : 0
40 195 196 : 0
42 168 3 : 0
242 78 240 : 0
3 102 168 : 1
45 45 78 : 1
309 309 309 : 5
265 43 265 : 47
4 175 54 : 0
168 102 331 : 0
4 120 120 : 0
6 199 122 : 0
102 5 102 : 0
4 3 4 : 0
5 120 114 : 0
78 195 196 : 0
45 45 174 : 0
7 175 195 : 0
6 102 6 : 0
6 102 7 : 0
6 102 4 : 0
6 102 5 : 0
140 78 140 : 0
168 54 168 : 0
159 159 45 : 0
197 160 159 : 0
10 4 6 : 0
33 33 13 : 13
142 7 195 : 0
6 54 197 : 0
5 91 91 : 16
195 54 195 : 0
102 265 102 : 1
240 118 38 : 0
6 54 195 : 0
91 268 45 : 0
102 7 3 : 0
5 45 91 : 0
102 7 7 : 0
168 331 4 : 0
7 7 142 : 6
54 6 5 : 0
168 265 265 : 892
3 6 168 : 0
45 45 168 : 2
6 27 102 : 0
168 168 196 : 0
3 120 3 : 0
3 120 7 : 0
3 120 6 : 0
3 120 4 : 0
195 307 175 : 0
78 6 6 : 0
102 168 240 : 1
195 3 175 : 0
196 196 195 : 6
13 240 78 : 5
142 146 78 : 0
5 220 6 : 2
5 220 4 : 0
5 220 5 : 0
119 175 175 : 0
125 45 195 : 0
54 192 4 : 0
221 45 3 : 0
195 195 201 : 0
168 4 265 : 1
42 120 57 : 0
201 202 199 : 0
91 33 33 : 0
192 168 102 : 7
6 7 174 : 0
5 197 192 : 17
196 196 19 : 0
114 195 5 : 0
195 45 175 : 0
125 45 3 : 0
192 5 197 : 1
78 13 78 : 3
102 255 255 : 0
140 3 265 : 0
5 102 27 : 0
141 6 195 : 0
3 221 3 : 0
78 102 13 : 0
10 102 309 : 0
3 168 6 : 0
78 240 33 : 0
3 168 4 : 2
3 168 3 : 414
3 174 6 : 0
219 311 78 : 0
175 11 45 : 0
6 6 102 : 0
168 168 19 : 7
192 6 174 : 0
3 104 142 : 21
13 4 265 : 1
33 4 33 : 0
3 104 146 : 10
114 6 120 : 0
78 104 13 : 6
33 195 5 : 0
331 4 240 : 0
33 195 6 : 0
265 265 33 : 0
33 195 3 : 0
3 196 19 : 0
114 5 120 : 0
3 33 265 : 0
221 221 220 : 0
168 33 168 : 0
196 102 27 : 0
102 309 102 : 0
180 180 180 : 0
33 33 78 : 1
309 102 5 : 0
5 3 33 : 0
195 168 168 : 5
265 19 3 : 0
221 221 4 : 0
201 200 202 : 0
120 7 209 : 0
3 3 54 : 1
5 85 195 : 0
6 195 120 : 0
19 19 19 : 119
102 6 168 : 0
175 221 175 : 0
4 63 6 : 0
93 19 221 : 0
265 119 265 : 3
195 3 33 : 0
240 197 78 : 0
265 256 265 : 0
11 11 45 : 0
192 192 45 : 0
102 309 85 : 0
33 3 192 : 0
102 146 146 : 0
192 4 6 : 0
192 4 4 : 0
102 146 142 : 0
125 180 180 : 0
6 7 195 : 0
195 5 221 : 0
195 5 220 : 1
3 45 64 : 0
221 45 141 : 0
6 3 91 : 6
125 5 192 : 0
295 301 301 : 13
320 231 228 : 0
4 125 125 : 0
5 45 5 : 1
195 195 33 : 16
125 91 20 : 0
4 195 42 : 0
4 78 265 : 0
3 221 195 : 0
91 168 168 : 5
197 33 33 : 0
142 195 78 : 0
54 140 54 : 0
7 6 174 : 0
27 309 5 : 0
42 54 140 : 0
174 201 45 : 0
240 3 240 : 1
141 141 195 : 0
5 197 6 : 2
5 197 5 : 12
5 197 4 : 0
5 197 3 : 9
4 6 11 : 0
265 104 265 : 18
78 180 180 : 0
196 196 3 : 0
27 6 102 : 0
196 196 4 : 0
221 33 197 : 0
196 196 6 : 1
42 42 221 : 0
7 4 7 : 0
6 91 38 : 0
220 45 6 : 0
6 91 33 : 0
195 102 27 : 0
91 91 78 : 0
175 195 175 : 0
175 120 7 : 0
140 5 140 : 0
3 197 54 : 0
45 78 13 : 2
3 240 102 : 0
104 142 3 : 22
195 3 197 : 1
33 168 146 : 0
140 197 221 : 0
309 3 54 : 2
175 120 3 : 0
120 114 3 : 0
120 114 4 : 0
195 78 195 : 0
120 114 6 : 0
45 33 5 : 0
4 265 265 : 1
6 125 195 : 0
78 140 3 : 0
78 140 4 : 0
7 119 175 : 0
7 119 174 : 0
140 3 3 : 0
140 3 5 : 0
140 3 4 : 0
140 3 6 : 0
240 6 6 : 0
146 3 146 : 8
195 5 91 : 6
45 45 102 : 1
146 3 142 : 11
6 10 196 : 0
78 125 3 : 0
13 199 5 : 0
180 78 78 : 0
195 197 3 : 0
255 256 265 : 0
142 175 104 : 7
195 197 6 : 0
195 197 5 : 2
195 197 4 : 0
78 196 195 : 0
195 140 3 : 0
85 102 309 : 0
5 309 102 : 0
6 45 5 : 0
309 54 309 : 21
6 45 6 : 0
168 340 265 : 5
265 3 175 : 8
45 42 120 : 0
196 196 265 : 0
6 91 3 : 9
91 91 5 : 17
91 91 4 : 0
91 91 3 : 10
6 91 7 : 0
6 91 4 : 0
6 91 5 : 20
78 78 168 : 9
104 175 104 : 5
265 292 3 : 0
4 4 13 : 28
54 309 54 : 70
122 33 5 : 0
192 5 33 : 0
125 78 78 : 0
140 3 125 : 0
146 175 142 : 3
265 43 3 : 55
255 255 5 : 0
265 146 168 : 39
146 3 3 : 31
265 240 78 : 1
3 221 197 : 0
197 197 140 : 0
3 3 196 : 0
195 340 3 : 2
78 192 78 : 0
43 168 43 : 18
125 125 168 : 0
197 192 33 : 0
33 6 192 : 0
6 195 192 : 0
142 3 196 : 0
142 3 195 : 0
45 221 221 : 0
33 195 33 : 13
125 168 146 : 0
195 265 102 : 0
197 192 174 : 0
102 6 78 : 1
45 195 3 : 0
175 142 142 : 10
174 6 63 : 0
85 195 196 : 0
3 45 33 : 0
175 142 146 : 5
45 45 45 : 2
5 196 196 : 3
5 5 140 : 4
5 5 141 : 0
102 102 168 : 75
301 300 220 : 7
3 195 197 : 0
174 195 33 : 0
3 195 195 : 2
3 195 192 : 0
4 195 220 : 0
114 4 120 : 0
3 5 3 : 46
195 309 102 : 0
5 196 195 : 2
142 3 175 : 28
5 6 265 : 0
3 5 5 : 73
3 5 4 : 0
114 221 6 : 0
114 120 114 : 0
6 91 201 : 0
33 5 33 : 0
102 168 54 : 0
6 265 78 : 0
200 202 5 : 0
5 33 6 : 0
5 33 5 : 0
4 13 13 : 20
5 33 3 : 0
168 196 33 : 0
195 4 125 : 0
10 5 4 : 0
3 6 45 : 0
168 265 78 : 1
168 102 78 : 3
168 78 78 : 8
192 192 125 : 0
174 174 221 : 0
3 6 42 : 0
3 42 120 : 0
91 91 195 : 4
3 54 3 : 3
221 195 175 : 0
91 91 192 : 2
4 102 102 : 0
3 78 140 : 0
3 6 174 : 3
3 78 142 : 0
63 63 5 : 0
220 220 197 : 0
3 265 265 : 346
63 63 6 : 0
5 140 197 : 5
221 221 199 : 0
5 140 195 : 2
45 45 192 : 4
45 45 195 : 0
240 140 140 : 0
45 45 199 : 0
5 13 5 : 1
197 6 3 : 1
197 6 4 : 0
197 6 5 : 4
197 6 6 : 2
91 199 5 : 0
5 5 3 : 71
292 265 292 : 0
301 220 301 : 26
199 199 5 : 0
201 195 195 : 0
118 118 6 : 0
91 45 45 : 3
7 142 3 : 0
42 168 102 : 0
5 11 45 : 0
162 195 162 : 0
195 3 168 : 4
43 3 265 : 50
168 168 78 : 22
196 5 6 : 0
102 6 102 : 0
201 102 102 : 0
201 202 168 : 0
119 6 175 : 0
78 219 311 : 0
91 6 78 : 1
195 195 125 : 0
3 192 91 : 3
19 3 3 : 225
5 197 54 : 0
220 6 220 : 0
3 195 331 : 0
122 5 5 : 0
168 102 102 : 59
220 4 220 : 0
146 146 78 : 0
195 85 78 : 0
54 54 3 : 8
54 54 5 : 0
221 221 197 : 0
3 146 168 : 22
54 54 6 : 0
45 45 5 : 3
45 45 4 : 0
45 45 6 : 0
196 6 91 : 0
45 45 3 : 1
142 146 265 : 20
192 6 168 : 0
3 199 199 : 0
180 180 240 : 0
6 6 175 : 0
5 195 206 : 0
3 104 175 : 12
146 146 265 : 0
6 240 240 : 0
6 5 6 : 7
6 5 4 : 0
6 5 5 : 23
6 5 3 : 19
5 221 5 : 0
221 11 45 : 0
258 311 240 : 3
240 180 240 : 0
240 6 78 : 0
175 175 146 : 4
6 42 221 : 0
6 168 78 : 0
140 197 63 : 0
175 175 142 : 11
3 195 33 : 0
175 175 140 : 0
119 265 54 : 0
196 5 196 : 1
196 5 197 : 1
78 146 142 : 0
78 146 146 : 0
219 91 311 : 0
265 102 255 : 0
19 221 221 : 0
221 78 78 : 0
146 168 265 : 47
142 119 146 : 1
142 119 142 : 1
195 199 54 : 0
10 38 10 : 0
195 3 45 : 0
265 6 6 : 0
160 159 192 : 0
6 220 220 : 0
197 192 125 : 0
78 13 142 : 0
3 175 3 : 27
140 3 78 : 0
3 175 5 : 0
140 78 3 : 0
301 6 301 : 14
33 78 78 : 1
220 4 4 : 0
6 91 122 : 0
91 192 3 : 3
175 175 78 : 0
265 43 43 : 21
125 125 33 : 0
142 78 102 : 0
265 6 265 : 0
6 66 63 : 0
265 13 195 : 0
114 5 221 : 0
3 4 42 : 0
102 168 168 : 199
78 195 195 : 0
195 5 140 : 0
195 5 141 : 1
5 125 45 : 0
4 102 240 : 0
221 265 140 : 0
78 78 45 : 0
114 114 195 : 0
202 201 202 : 0
78 78 42 : 0
197 4 240 : 0
7 6 6 : 0
265 5 3 : 0
195 192 195 : 1
197 196 194 : 0
192 91 45 : 0
91 78 4 : 0
27 5 309 : 0
78 4 33 : 0
221 221 120 : 0
4 3 45 : 0
102 174 174 : 0
142 7 120 : 0
3 3 163 : 1
3 19 196 : 0
3 3 168 : 401
240 5 197 : 0
7 42 120 : 0
78 168 4 : 1
240 221 240 : 0
7 174 3 : 0
3 175 142 : 30
221 142 3 : 0
221 199 102 : 0
221 140 197 : 0
91 33 195 : 1
175 195 195 : 0
220 195 195 : 2
197 195 197 : 0
197 195 195 : 0
192 197 140 : 0
104 142 265 : 14
13 13 78 : 13
142 78 3 : 0
142 78 6 : 0
33 192 197 : 0
102 168 6 : 2
6 45 195 : 0
331 4 331 : 0
221 142 4 : 0
3 114 120 : 0
118 6 220 : 0
174 11 45 : 3
309 309 3 : 0
331 4 3 : 0
309 309 5 : 0
168 168 4 : 13
168 168 6 : 1
43 265 43 : 14
168 168 3 : 905
91 6 3 : 5
91 6 6 : 1
120 168 240 : 0
13 265 265 : 0
91 6 5 : 13
45 54 197 : 0
6 265 265 : 0
42 42 120 : 0
3 102 6 : 0
6 54 175 : 0
252 1 252 : 0
221 93 19 : 0
13 240 4 : 13
102 3 168 : 0
265 3 168 : 516
5 221 78 : 0
265 102 168 : 24
78 142 146 : 0
38 78 175 : 0
78 142 142 : 0
102 78 4 : 0
4 168 265 : 1
102 240 78 : 0
175 5 33 : 0
45 175 195 : 0
3 5 102 : 1
265 265 142 : 35
265 265 140 : 0
265 265 146 : 28
142 102 265 : 0
175 42 120 : 0
4 13 142 : 0
195 201 5 : 0
240 78 242 : 0
240 78 240 : 1
146 175 175 : 1
5 195 91 : 6
38 5 38 : 0
125 3 91 : 0
78 240 265 : 0
33 33 6 : 0
33 33 5 : 1
265 54 265 : 3
33 33 3 : 0
195 196 240 : 0
175 265 3 : 12
220 197 220 : 0
199 201 5 : 0
78 5 78 : 0
118 38 197 : 0
174 5 221 : 0
3 91 33 : 0
195 240 5 : 0
4 240 13 : 11
240 168 240 : 0
140 5 197 : 1
3 196 196 : 0
91 258 311 : 3
10 195 5 : 0
175 142 175 : 12
45 45 54 : 0
5 13 102 : 0
102 240 102 : 0
3 45 45 : 0
6 13 30 : 0
309 54 54 : 67
220 196 196 : 0
195 168 3 : 3
6 220 5 : 0
197 195 5 : 1
4 33 265 : 0
197 195 3 : 0
38 118 6 : 0
309 102 102 : 0
54 3 309 : 4
195 196 85 : 0
102 6 91 : 0
221 102 265 : 0
6 220 6 : 0
114 120 120 : 0
141 195 195 : 1
265 43 195 : 1
192 3 140 : 0
85 85 141 : 0
6 78 265 : 0
140 5 54 : 0
219 219 219 : 0
197 197 5 : 0
6 5 118 : 0
3 6 78 : 1
10 10 91 : 0
3 309 3 : 0
168 265 42 : 0
168 265 43 : 93
3 6 102 : 0
3 6 3 : 13
3 6 4 : 0
3 6 5 : 23
3 6 6 : 6
27 174 27 : 0
201 45 45 : 0
168 265 6 : 0
168 265 5 : 0
91 5 192 : 1
168 265 3 : 571
195 195 197 : 0
91 5 197 : 8
221 197 3 : 0
6 195 201 : 0
42 160 159 : 0
221 197 4 : 0
309 102 10 : 0
85 174 174 : 0
175 104 3 : 14
6 91 102 : 0
54 122 4 : 0
200 201 202 : 0
195 195 192 : 0
54 265 146 : 4
78 78 265 : 0
192 91 6 : 1
4 6 5 : 0
192 91 5 : 4
3 168 7 : 0
192 91 3 : 2
240 13 265 : 0
174 174 120 : 0
174 174 122 : 0
78 4 4 : 16
158 331 4 : 0
240 265 13 : 0
309 309 102 : 0
118 6 38 : 0
197 6 125 : 0
201 202 175 : 0
38 38 6 : 0
146 265 3 : 17
201 5 221 : 0
201 102 174 : 0
265 168 33 : 0
196 196 33 : 11
5 4 120 : 0
5 197 33 : 0
5 5 192 : 16
5 5 195 : 11
192 125 78 : 0
5 5 197 : 12
5 5 196 : 6
78 78 240 : 2
196 196 38 : 0
27 27 309 : 0
174 191 45 : 0
54 175 174 : 0
54 175 175 : 0
213 5 63 : 0
331 120 6 : 0
6 6 168 : 0
195 42 120 : 0
192 6 192 : 3
78 240 13 : 4
192 6 197 : 0
168 192 168 : 5
221 220 195 : 0
13 4 240 : 10
3 120 114 : 0
196 220 195 : 0
125 91 174 : 0
195 174 197 : 0
41 41 54 : 0
175 3 146 : 1
195 195 175 : 0
195 195 174 : 0
175 3 142 : 18
221 221 63 : 0
4 6 221 : 0
6 125 6 : 0
6 125 5 : 1
6 125 3 : 0
60 197 192 : 0
4 221 240 : 0
240 240 174 : 3
3 3 10 : 0
3 3 13 : 0
140 6 140 : 0
192 3 91 : 3
220 5 197 : 0
220 5 195 : 0
91 201 102 : 0
4 331 265 : 0
5 309 5 : 0
3 196 3 : 0
221 265 221 : 0
192 125 192 : 0
142 104 175 : 7
4 3 168 : 4
142 265 3 : 38
240 240 78 : 7
6 4 6 : 0
6 4 5 : 0
6 4 4 : 0
6 4 3 : 0
195 4 146 : 0
4 6 91 : 0
146 168 3 : 32
146 168 5 : 0
146 168 4 : 1
309 265 309 : 0
192 192 78 : 1
120 175 7 : 0
221 11 11 : 0
4 148 140 : 0
168 42 4 : 0
5 63 63 : 0
45 5 221 : 0
269 196 6 : 0
4 120 3 : 0
4 120 6 : 0
4 120 7 : 0
6 33 192 : 0
125 125 45 : 0
6 33 195 : 0
19 19 196 : 0
120 78 78 : 0
195 5 175 : 0
42 120 6 : 0
42 120 3 : 0
192 13 195 : 0
140 4 265 : 0
195 91 91 : 4
13 45 5 : 0
146 104 104 : 5
140 195 192 : 0
6 168 4 : 0
140 4 269 : 0
140 195 195 : 1
195 168 4 : 0
5 33 33 : 0
38 4 4 : 0
4 4 308 : 0
40 196 195 : 0
11 45 221 : 0
221 221 142 : 0
311 78 78 : 0
146 102 142 : 0
195 195 45 : 0
195 195 42 : 0
5 175 5 : 0
142 142 146 : 27
5 220 3 : 0
3 175 175 : 11
4 118 6 : 0
142 142 142 : 94
7 3 120 : 0
265 240 221 : 0
6 168 146 : 0
4 78 13 : 18
5 3 6 : 21
5 3 4 : 0
4 11 45 : 0
6 240 4 : 1
221 5 221 : 0
13 78 78 : 3
195 78 175 : 0
102 195 102 : 0
78 78 3 : 8
6 140 140 : 0
78 78 5 : 0
78 78 4 : 3
240 265 240 : 0
174 27 6 : 0
7 175 5 : 0
5 63 6 : 0
195 42 54 : 0
7 175 3 : 0
4 6 174 : 0
192 192 91 : 1
197 192 13 : 0
168 240 3 : 1
168 240 4 : 0
221 4 142 : 0
140 197 91 : 0
175 195 6 : 0
91 340 340 : 0
197 5 220 : 0
168 265 195 : 6
3 146 3 : 25
33 5 125 : 0
197 221 4 : 0
45 6 6 : 0
141 6 5 : 0
27 85 265 : 0
102 168 4 : 0
102 168 7 : 0
91 38 5 : 0
120 175 195 : 0
91 6 268 : 0
240 240 118 : 0
104 265 175 : 7
197 6 195 : 1
104 3 104 : 16
142 104 265 : 17
301 301 300 : 24
197 195 6 : 0
221 221 240 : 0
6 5 78 : 1
197 6 197 : 0
3 142 175 : 23
199 122 33 : 0
221 201 102 : 0
240 6 240 : 0
197 301 301 : 4
195 91 78 : 0
221 66 54 : 0
4 4 120 : 0
4 4 122 : 0
91 85 5 : 0
4 168 4 : 3
13 33 195 : 6
114 114 162 : 0
221 174 11 : 0
5 192 192 : 3
6 197 6 : 2
195 6 125 : 0
4 168 3 : 4
119 265 102 : 0
91 78 78 : 0
265 265 265 : 600
265 33 39 : 0
4 4 38 : 0
13 13 33 : 5
4 220 220 : 0
78 78 102 : 4
196 10 6 : 0
196 10 5 : 0
102 195 78 : 0
265 146 104 : 6
5 221 141 : 0
104 3 3 : 38
141 45 6 : 0
6 192 91 : 0
13 196 5 : 0
43 43 265 : 17
3 4 120 : 0
125 125 146 : 0
54 309 3 : 2
192 140 3 : 0
192 140 4 : 0
174 197 192 : 0
168 3 102 : 0
78 168 146 : 0
13 168 13 : 0
146 142 142 : 16
174 57 175 : 3
146 175 3 : 2
3 45 175 : 0
15 54 54 : 0
6 4 195 : 0
5 6 6 : 8
1 252 252 : 0
142 13 78 : 0
5 6 3 : 18
39 12 39 : 0
5 6 9 : 0
4 6 168 : 0
85 85 85 : 0
159 159 78 : 0
4 142 4 : 0
192 174 4 : 0
197 221 78 : 0
4 120 114 : 0
4 192 91 : 0
4 142 3 : 0
192 3 163 : 0
102 13 168 : 0
6 39 196 : 0
195 195 3 : 4
195 195 5 : 11
195 5 54 : 0
195 195 6 : 2
175 4 195 : 0
91 196 91 : 4
102 168 78 : 3
120 114 195 : 0
195 13 195 : 1
7 209 211 : 0
162 6 3 : 4
5 309 309 : 0
6 221 6 : 0
195 5 45 : 0
168 4 42 : 0
141 5 33 : 0
243 125 125 : 3
6 221 3 : 0
141 6 33 : 0
78 102 195 : 0
85 85 195 : 0
168 102 13 : 1
85 85 196 : 0
140 221 221 : 0
174 175 162 : 0
3 6 114 : 0
102 102 10 : 0
102 102 13 : 3
33 5 27 : 0
4 221 78 : 0
78 6 102 : 0
3 7 175 : 0
3 7 174 : 0
175 7 54 : 0
5 195 175 : 0
125 3 3 : 0
4 265 13 : 0
125 3 6 : 0
78 42 42 : 0
6 141 6 : 0
125 3 5 : 0
300 301 301 : 16
5 4 4 : 1
174 3 78 : 0
175 201 195 : 0
102 102 146 : 0
196 240 78 : 0
195 168 54 : 0
102 102 142 : 0
192 192 3 : 0
192 91 195 : 1
142 102 195 : 0
192 192 6 : 22
5 195 192 : 1
5 195 195 : 11
5 195 197 : 4
6 196 196 : 0
6 27 5 : 0
265 102 221 : 0
120 6 195 : 0
201 102 168 : 0
122 168 146 : 0
220 195 5 : 3
195 45 140 : 0
5 197 45 : 0
141 195 5 : 0
10 221 6 : 0
196 196 40 : 0
78 102 221 : 1
102 27 5 : 0
3 7 3 : 0
102 27 7 : 0
3 7 7 : 0
3 7 6 : 0
3 192 142 : 1
3 146 146 : 4
240 168 3 : 0
13 33 13 : 4
3 146 142 : 18
174 195 5 : 0
102 27 85 : 0
265 175 265 : 7
63 6 4 : 0
78 5 6 : 1
78 5 4 : 0
33 5 192 : 0
78 5 3 : 1
219 175 174 : 0
5 309 27 : 0
60 97 12 : 0
27 5 10 : 0
33 192 33 : 3
194 197 78 : 0
240 195 240 : 0
5 197 220 : 0
175 3 175 : 15
196 196 220 : 0
6 3 114 : 0
4 176 3 : 0
3 125 5 : 0
197 199 197 : 0
102 85 195 : 0
102 85 196 : 0
240 13 13 : 11
91 6 192 : 2
168 168 192 : 9
91 6 196 : 0
91 6 197 : 0
91 6 195 : 4
3 33 192 : 0
91 6 199 : 0
6 195 140 : 0
6 114 42 : 0
4 42 168 : 0
120 195 120 : 0
33 33 91 : 0
240 240 192 : 0
4 13 78 : 8
3 221 140 : 0
192 140 140 : 0
66 20 33 : 0
168 4 102 : 0
195 3 140 : 0
197 4 4 : 0
174 168 102 : 2
195 38 38 : 0
168 78 102 : 1
91 6 175 : 0
168 6 168 : 0
91 102 168 : 5
168 78 104 : 5
192 3 192 : 0
240 6 168 : 0
85 265 102 : 0
102 13 78 : 0
4 140 221 : 0
174 6 175 : 0
195 42 221 : 0
197 192 140 : 5
142 54 142 : 3
221 240 265 : 0
63 221 221 : 0
196 3 6 : 0
85 196 195 : 0
43 265 3 : 37
168 5 197 : 0
85 196 196 : 0
140 33 33 : 0
168 42 168 : 0
197 3 45 : 0
3 197 5 : 11
91 5 195 : 12
142 142 54 : 5
192 140 91 : 5
146 45 168 : 0
3 197 3 : 4
91 4 240 : 0
5 13 195 : 0
141 5 197 : 0
142 4 174 : 0
192 195 195 : 2
102 168 146 : 0
265 13 13 : 0
78 33 33 : 0
3 6 7 : 2
78 78 91 : 0
6 6 11 : 0
6 6 10 : 0
5 192 3 : 9
221 33 33 : 0
168 102 265 : 19
3 13 199 : 0
197 5 3 : 7
5 141 5 : 0
221 221 102 : 0
220 301 301 : 37
104 175 142 : 9
168 43 3 : 35
6 7 6 : 0
6 7 7 : 0
104 142 104 : 6
125 195 195 : 0
10 27 102 : 0
6 7 3 : 0
6 54 54 : 1
195 265 5 : 0
6 3 168 : 1
3 3 142 : 84
195 195 54 : 1
3 3 140 : 0
3 3 146 : 26
197 5 6 : 2
27 102 309 : 0
104 146 3 : 8
221 141 141 : 0
307 175 175 : 0
255 255 256 : 0
102 102 192 : 4
54 6 42 : 0
5 220 197 : 0
3 4 265 : 2
85 102 5 : 0
265 5 5 : 0
142 6 6 : 0
6 54 140 : 0
240 4 13 : 14
33 3 4 : 0
33 3 3 : 1
40 6 195 : 0
265 221 240 : 0
13 33 5 : 0
195 4 4 : 0
195 42 42 : 0
309 85 85 : 0
45 64 195 : 0
33 192 3 : 0
197 192 91 : 0
33 192 6 : 0
120 3 42 : 0
33 192 5 : 0
45 4 45 : 0
140 6 33 : 0
265 142 265 : 33
5 221 221 : 0
5 221 220 : 0
175 175 45 : 0
175 175 42 : 0
6 175 174 : 0
6 175 175 : 0
168 3 265 : 493
102 168 45 : 11
3 340 168 : 5
6 5 195 : 4
6 125 91 : 1
301 300 301 : 17
45 168 146 : 0
174 102 102 : 0
5 168 146 : 0
33 33 125 : 0
30 4 3 : 0
143 3 3 : 0
102 195 85 : 0
4 78 168 : 0
196 194 197 : 0
6 5 63 : 0
196 240 240 : 0
27 27 5 : 0
195 3 192 : 0
102 3 265 : 0
265 3 104 : 15
221 221 255 : 0
265 3 102 : 0
265 102 102 : 0
5 221 10 : 0
120 140 4 : 0
120 140 3 : 0
4 4 118 : 0
125 33 33 : 0
195 220 195 : 3
27 5 102 : 0
4 265 168 : 3
140 6 3 : 0
140 63 6 : 0
4 4 45 : 0
146 3 265 : 31
255 255 265 : 0
78 240 240 : 6
6 114 5 : 0
13 102 13 : 0
5 114 5 : 0
197 192 45 : 0
3 168 102 : 1
192 78 78 : 0
3 45 168 : 0
142 142 195 : 0
3 43 43 : 10
19 168 168 : 8
6 11 45 : 0
6 91 85 : 0
6 125 102 : 0
6 3 125 : 0
12 5 221 : 0
3 5 91 : 14
102 5 27 : 0
265 3 201 : 0
140 4 140 : 0
33 192 125 : 0
146 104 265 : 7
174 120 3 : 0
3 197 4 : 0
174 120 6 : 0
102 102 3 : 0
4 240 78 : 7
11 11 33 : 0
43 3 3 : 14
91 3 33 : 0
196 195 85 : 0
13 78 13 : 12
174 13 195 : 0
220 220 301 : 6
5 45 3 : 0
4 240 168 : 0
78 265 102 : 0
5 45 6 : 0
265 3 255 : 0
195 226 85 : 0
142 3 142 : 82
102 3 78 : 1
142 3 146 : 16
196 5 220 : 0
142 6 7 : 0
311 240 240 : 3
1 1 252 : 0
4 197 5 : 0
78 196 196 : 0
168 3 3 : 377
7 7 7 : 5
174 54 54 : 0
168 3 6 : 0
7 7 3 : 0
168 3 4 : 6
45 65 174 : 0
221 195 221 : 0
45 195 5 : 0
119 142 119 : 0
221 140 4 : 0
168 122 168 : 0
265 3 146 : 17
197 54 197 : 0
142 104 104 : 3
78 4 5 : 0
197 54 192 : 0
45 91 6 : 1
168 240 168 : 0
45 91 5 : 0
45 199 102 : 0
102 265 142 : 0
45 195 175 : 0
3 6 13 : 2
175 4 142 : 0
6 195 199 : 0
168 102 240 : 0
174 175 174 : 0
174 175 175 : 0
3 6 125 : 0
102 102 27 : 0
3 6 120 : 0
265 4 168 : 5
3 176 162 : 0
221 102 78 : 0
3 240 5 : 0
140 4 148 : 0
240 91 6 : 0
140 3 195 : 0
140 3 197 : 0
175 142 119 : 0
140 3 192 : 0
331 4 4 : 0
331 4 6 : 0
196 13 33 : 4
197 140 140 : 0
221 3 4 : 0
195 125 3 : 0
174 45 3 : 0
196 265 10 : 0
220 221 301 : 4
120 4 3 : 0
199 199 199 : 0
240 265 78 : 1
10 10 4 : 0
125 91 5 : 0
125 91 6 : 1
78 3 3 : 4
4 102 4 : 0
78 3 5 : 0
125 91 3 : 0
6 91 197 : 1
3 4 6 : 0
45 64 183 : 0
221 45 45 : 0
6 42 42 : 0
45 45 91 : 0
6 265 4 : 0
6 197 220 : 0
197 197 6 : 1
146 265 104 : 7
54 54 54 : 143
197 197 3 : 3
45 175 3 : 0
220 6 5 : 0
220 6 4 : 0
6 142 78 : 0
240 33 33 : 0
102 221 221 : 2
102 3 5 : 1
6 10 5 : 0
219 240 240 : 0
140 140 195 : 0
4 265 4 : 0
78 242 240 : 0
3 54 309 : 2
6 289 11 : 0
13 265 13 : 1
220 4 5 : 0
168 168 331 : 0
33 33 4 : 0
5 33 175 : 0
10 91 4 : 0
3 104 104 : 5
141 196 195 : 0
4 6 195 : 0
4 91 192 : 0
195 42 6 : 0
3 3 33 : 0
64 183 5 : 0
102 91 6 : 5
42 6 3 : 0
195 175 120 : 0
175 175 195 : 0
221 195 3 : 0
175 195 5 : 0
175 195 4 : 0
175 195 3 : 0
5 91 78 : 0
175 175 307 : 0
141 141 6 : 0
168 168 340 : 10
142 4 221 : 0
195 201 202 : 0
146 142 146 : 2
13 4 78 : 16
168 45 168 : 0
174 175 191 : 3
240 13 4 : 16
125 91 78 : 0
174 175 195 : 0
3 240 168 : 0
168 168 168 : 4319
175 195 45 : 0
195 3 78 : 1
175 195 42 : 0
197 91 5 : 7
168 168 162 : 4
180 180 125 : 0
180 125 180 : 0
4 240 6 : 0
13 78 4 : 10
4 175 5 : 0
192 243 125 : 3
168 195 195 : 0
63 4 63 : 0
221 168 146 : 0
175 45 5 : 0
66 6 6 : 0
196 85 196 : 0
197 78 5 : 0
3 197 195 : 0
13 102 6 : 0
13 102 5 : 0
6 6 142 : 0
141 141 196 : 0
78 240 78 : 2
197 5 5 : 11
142 4 142 : 0
175 175 265 : 3
4 5 195 : 0
4 6 7 : 0
4 6 6 : 0
13 142 142 : 0
4 6 4 : 0
4 6 3 : 0
242 240 240 : 0
175 4 3 : 0
195 45 3 : 0
102 309 5 : 0
196 33 3 : 0
4 195 78 : 0
265 78 78 : 0
142 119 265 : 1
102 85 85 : 0
180 192 91 : 0
3 6 192 : 0
33 125 125 : 0
175 119 265 : 0
6 78 4 : 0
102 4 78 : 0
6 91 174 : 0
10 10 5 : 0
197 220 195 : 0
3 45 3 : 6
10 309 102 : 0
6 265 5 : 0
33 5 3 : 21
3 3 192 : 4
102 3 3 : 0
33 5 4 : 0
33 197 33 : 0
33 5 6 : 0
3 265 19 : 5
6 27 174 : 0
309 265 3 : 0
4 240 5 : 1
4 240 4 : 16
240 13 240 : 5
6 78 78 : 2
6 10 221 : 0
6 168 168 : 0
162 162 114 : 0
33 39 5 : 0
6 78 5 : 0
119 265 265 : 2
197 3 4 : 0
6 78 6 : 0
3 3 195 : 7
4 3 320 : 0
3 3 197 : 4
6 199 201 : 0
3 3 199 : 0
192 6 195 : 0
4 19 19 : 2
5 33 125 : 0
265 309 265 : 0
195 195 85 : 0
6 6 5 : 10
6 6 4 : 0
6 6 7 : 0
6 6 6 : 2
85 102 85 : 0
168 102 4 : 0
168 19 168 : 7
192 6 33 : 21
45 33 33 : 0
180 78 240 : 0
7 120 7 : 0
7 120 6 : 0
221 4 168 : 0
7 120 3 : 0
221 220 196 : 0
195 91 195 : 6
54 175 120 : 0
175 175 54 : 0
85 78 78 : 0
78 219 91 : 0
7 175 175 : 0
142 175 146 : 4
7 175 174 : 0
120 7 42 : 0
142 175 142 : 21
255 265 256 : 0
120 175 120 : 0
78 142 195 : 0
120 114 11 : 0
5 196 78 : 0
195 120 114 : 0
192 5 192 : 1
13 30 4 : 0
199 102 6 : 0
6 6 3 : 7
33 140 33 : 0
206 5 6 : 0
91 13 196 : 0
7 3 102 : 0
3 45 4 : 0
104 175 265 : 4
4 19 3 : 1
142 7 7 : 6
3 19 3 : 191
174 27 174 : 0
142 7 3 : 0
195 192 125 : 0
78 33 195 : 0
142 3 221 : 0
78 78 125 : 0
91 175 5 : 0
78 3 175 : 0
78 78 120 : 0
45 66 20 : 0
168 45 45 : 3
266 160 159 : 0
197 192 78 : 1
195 125 125 : 0
221 42 221 : 0
309 5 102 : 0
5 221 120 : 0
196 91 91 : 7
78 168 168 : 20
221 221 66 : 0
102 240 168 : 0
102 6 33 : 0
13 78 142 : 0
6 91 91 : 8
240 78 180 : 0
240 168 102 : 0
13 85 195 : 0
7 142 142 : 13
27 85 195 : 0
6 191 192 : 0
96 97 11 : 0
265 102 265 : 9
195 33 45 : 1
265 3 265 : 382
125 3 195 : 0
6 91 240 : 0
331 4 168 : 0
3 265 119 : 1
3 3 19 : 220
45 4 6 : 0
45 4 4 : 0
6 45 91 : 0
120 3 120 : 0
63 120 5 : 0
195 5 33 : 1
45 120 7 : 0
6 191 6 : 0
85 265 10 : 0
155 157 266 : 0
265 265 240 : 1
221 6 45 : 0
78 265 265 : 2
5 195 220 : 2
91 6 39 : 0
54 3 6 : 0
54 54 240 : 0
54 3 3 : 0
140 140 63 : 0
3 78 102 : 1
33 196 196 : 6
91 3 6 : 5
91 3 5 : 18
91 3 4 : 1
91 3 3 : 16
195 11 45 : 0
196 19 196 : 0
168 4 4 : 2
91 6 206 : 0
168 4 6 : 0
309 102 27 : 0
197 197 197 : 3
309 27 102 : 0
168 4 3 : 4
102 142 78 : 0
42 175 175 : 0
175 5 5 : 0
301 220 220 : 6
300 220 301 : 5
91 91 45 : 0
175 142 104 : 9
91 3 104 : 0
196 78 78 : 0
174 174 175 : 3
174 174 174 : 72
3 120 175 : 0
143 4 4 : 0
168 43 43 : 20
91 6 201 : 0
3 320 231 : 0
197 197 85 : 0
6 331 4 : 0
91 6 33 : 0
119 142 3 : 0
4 140 5 : 0
4 140 3 : 0
122 168 168 : 1
3 168 78 : 3
54 3 175 : 0
78 221 221 : 0
13 5 221 : 0
191 122 155 : 0
168 292 292 : 0
265 78 265 : 0
221 3 45 : 0
331 5 3 : 0
197 220 4 : 0
221 6 6 : 0
220 221 221 : 0
54 3 54 : 12
33 13 196 : 4
33 5 45 : 0
195 168 265 : 4
340 340 340 : 0
42 120 175 : 0
5 3 125 : 0
3 3 42 : 0
3 3 43 : 19
102 42 120 : 0
78 13 4 : 12
78 13 5 : 1
195 195 140 : 2
3 3 45 : 7
91 240 5 : 0
3 192 3 : 6
120 120 120 : 0
3 192 5 : 6
3 192 6 : 1
220 5 6 : 0
6 114 63 : 0
220 5 4 : 0
220 5 5 : 1
4 240 240 : 13
240 240 140 : 0
91 195 33 : 0
54 140 197 : 0
78 146 78 : 1
54 140 195 : 0
78 146 102 : 0
163 3 3 : 0
175 45 45 : 0
265 331 4 : 0
125 5 5 : 0
125 5 6 : 0
175 3 45 : 0
120 6 221 : 0
125 5 3 : 0
168 3 240 : 0
120 174 174 : 0
91 197 91 : 3
91 195 6 : 0
60 5 197 : 0
175 174 3 : 0
331 265 240 : 0
168 78 168 : 9
5 91 196 : 5
5 91 195 : 4
174 175 3 : 0
192 3 45 : 0
5 91 192 : 3
221 240 240 : 0
240 219 240 : 0
118 6 192 : 0
6 42 120 : 0
91 195 195 : 5
175 265 146 : 2
91 195 197 : 0
4 5 197 : 0
13 142 3 : 0
174 175 6 : 0
125 125 78 : 0
6 3 45 : 0
142 78 146 : 0
142 78 142 : 0
6 5 54 : 0
91 6 13 : 0
140 3 45 : 0
180 240 180 : 0
6 4 331 : 0
174 221 221 : 0
195 201 102 : 0
91 5 91 : 24
168 146 5 : 0
3 195 6 : 2
3 195 5 : 6
102 201 202 : 0
195 5 102 : 1
168 146 3 : 41
6 5 125 : 0
6 175 5 : 0
78 78 78 : 59
63 6 195 : 0
3 6 54 : 0
33 4 6 : 0
192 125 3 : 0
63 11 45 : 0
78 4 78 : 7
265 175 3 : 8
183 5 221 : 0
91 192 6 : 1
5 4 13 : 1
6 6 33 : 0
63 5 63 : 0
33 168 3 : 0
78 265 78 : 0
85 78 196 : 0
4 174 3 : 0
4 174 6 : 0
309 265 265 : 0
3 195 45 : 0
221 6 221 : 0
3 195 42 : 0
125 78 3 : 0
102 27 309 : 0
5 118 6 : 0
102 13 13 : 0
195 195 78 : 0
175 5 3 : 0
196 102 221 : 0
200 33 175 : 0
175 5 6 : 0
175 195 120 : 0
175 5 4 : 0
340 168 265 : 11
201 13 102 : 0
3 168 340 : 4
199 200 201 : 0
195 4 63 : 0
180 91 91 : 0
6 125 33 : 0
19 196 3 : 0
195 195 91 : 3
195 78 142 : 0
265 119 142 : 1
265 4 13 : 0
195 78 146 : 0
3 3 180 : 0
4 5 3 : 0
42 3 3 : 0
3 221 33 : 0
91 102 221 : 0
42 3 6 : 0
54 168 265 : 0
4 4 102 : 1
3 104 265 : 22
45 254 42 : 0
174 195 3 : 0
168 7 168 : 0
240 4 78 : 5
195 192 6 : 0
45 195 195 : 1
195 4 195 : 0
240 3 3 : 2
102 309 10 : 0
195 196 196 : 12
4 265 3 : 1
195 196 195 : 3
142 175 175 : 8
45 168 168 : 3
13 142 78 : 0
5 4 175 : 0
5 141 141 : 0
6 125 125 : 0
104 265 142 : 18
240 4 219 : 0
104 265 146 : 0
142 142 265 : 40
197 174 45 : 0
221 4 195 : 0
146 78 78 : 2
3 142 142 : 72
175 146 265 : 5
3 142 146 : 16
102 10 102 : 0
252 252 1 : 0
6 5 42 : 0
197 33 197 : 0
254 42 221 : 0
6 5 45 : 0
54 197 3 : 0
265 265 104 : 12
142 78 175 : 0
265 265 102 : 11
5 192 195 : 0
78 4 91 : 0
3 175 104 : 12
142 146 175 : 2
4 4 174 : 0
78 42 160 : 0
5 142 3 : 0
42 175 3 : 0
175 7 119 : 0
175 78 142 : 0
33 197 221 : 0
102 5 309 : 0
102 192 168 : 8
240 6 13 : 0
125 125 192 : 0
5 195 33 : 0
309 27 85 : 0
45 6 3 : 0
3 240 240 : 0
168 195 168 : 3
13 175 54 : 0
102 6 27 : 0
114 120 3 : 0
114 120 4 : 0
3 45 140 : 0
114 120 6 : 0
140 140 3 : 0
140 140 4 : 0
3 168 168 : 939
27 174 6 : 0
240 78 196 : 0
142 78 78 : 0
27 85 102 : 0
12 174 174 : 0
3 197 140 : 0
78 219 240 : 0
195 78 78 : 1
140 5 3 : 0
5 102 102 : 1
240 3 265 : 0
240 168 42 : 0
3 265 102 : 0
33 6 125 : 0
54 5 5 : 0
3 265 104 : 23
196 19 3 : 0
195 175 5 : 0
6 301 301 : 14
195 175 3 : 0
42 42 160 : 0
240 311 78 : 0
91 199 102 : 0
125 125 268 : 0
3 6 240 : 0
6 120 6 : 0
78 240 4 : 7
195 102 309 : 0
3 91 3 : 20
3 91 5 : 25
168 265 146 : 42
3 91 6 : 7
197 6 13 : 0
19 168 3 : 4
265 102 309 : 0
265 265 256 : 0
255 255 255 : 0
42 120 7 : 0
4 13 102 : 0
140 140 78 : 0
6 91 120 : 0
265 146 3 : 29
102 102 265 : 0
140 4 6 : 0
45 5 3 : 1
140 4 4 : 0
78 3 265 : 2
175 142 3 : 34
197 5 91 : 5
5 6 45 : 0
45 5 5 : 1
5 5 240 : 0
63 175 175 : 0
5 6 168 : 0
192 33 6 : 0
122 91 3 : 0
192 33 5 : 3
192 33 3 : 0
195 33 5 : 0
114 42 120 : 0
45 45 254 : 0
102 102 195 : 0
240 240 3 : 0
102 102 196 : 0
240 240 5 : 0
240 240 4 : 16
6 102 309 : 0
240 240 6 : 0
140 195 3 : 0
3 78 265 : 6
174 6 33 : 0
4 168 6 : 0
142 91 91 : 0
11 45 33 : 3
252 252 252 : 0
3 33 196 : 0
3 146 265 : 18
6 54 6 : 0
221 220 220 : 0
4 7 308 : 0
199 202 200 : 0
54 3 45 : 0
19 196 196 : 0
195 45 195 : 0
180 180 45 : 0
5 197 78 : 0
196 196 78 : 0
118 6 78 : 0
125 91 91 : 0
85 195 10 : 0
125 3 140 : 0
174 6 3 : 0
309 265 102 : 0
174 6 5 : 0
42 168 4 : 0
6 4 102 : 0
174 6 6 : 0
240 242 78 : 0
102 265 168 : 18
3 6 33 : 1
168 5 5 : 1
5 27 102 : 0
168 5 6 : 0
168 5 3 : 1
220 118 6 : 0
340 265 265 : 5
5 33 192 : 0
192 125 91 : 0
221 63 120 : 0
122 155 157 : 0
5 33 195 : 0
195 3 265 : 1
174 42 42 : 0
142 195 142 : 0
197 45 3 : 0
3 192 192 : 0
38 5 118 : 0
197 45 6 : 0
120 120 114 : 0
199 201 13 : 0
175 142 265 : 7
174 42 120 : 0
45 6 91 : 0
3 192 140 : 0
221 174 174 : 0
125 192 6 : 0
125 192 5 : 0
78 102 142 : 0
120 6 54 : 0
78 102 146 : 0
5 91 3 : 12
195 3 195 : 2
141 33 195 : 0
5 91 6 : 8
5 91 5 : 40
10 102 102 : 0
13 4 13 : 27
197 192 168 : 0
13 240 13 : 4
168 168 142 : 3
195 3 91 : 0
91 6 142 : 0
168 168 146 : 101
78 4 240 : 7
240 240 195 : 0
240 240 197 : 0
240 240 196 : 0
6 195 196 : 2
6 195 197 : 0
6 195 195 : 5
196 196 102 : 0
192 125 120 : 0
7 240 5 : 0
125 180 125 : 0
192 125 125 : 0
220 220 195 : 2
4 91 45 : 0
221 168 168 : 0
220 220 196 : 0
3 192 45 : 0
142 102 142 : 2
142 102 146 : 0
10 221 221 : 0
3 3 240 : 0
5 195 120 : 0
45 3 7 : 0
125 6 33 : 0
3 6 11 : 0
118 6 91 : 0
265 168 54 : 0
195 140 195 : 0
13 195 4 : 0
197 3 5 : 6
196 78 240 : 0
197 3 6 : 5
102 102 42 : 0
197 3 3 : 3
142 175 3 : 16
197 6 192 : 0
3 3 265 : 272
78 168 5 : 0
78 168 3 : 2
3 140 195 : 0
125 45 45 : 0
197 220 220 : 0
118 6 10 : 0
3 140 191 : 0
6 6 42 : 0
175 265 175 : 5
240 102 168 : 0
221 63 63 : 0
6 6 45 : 0
125 91 155 : 0
3 42 42 : 0
240 78 168 : 2
1 252 1 : 0
3 7 91 : 0
45 140 140 : 0
5 3 142 : 0
175 307 175 : 0
195 195 195 : 344
221 265 265 : 0
195 195 196 : 13
6 174 45 : 0
3 265 78 : 2
265 240 265 : 0
6 174 6 : 0
4 168 42 : 0
142 6 102 : 0
6 125 45 : 0
27 309 102 : 0
180 6 91 : 0
102 168 265 : 20
195 33 13 : 8
195 142 78 : 0
42 168 168 : 0
102 91 91 : 0
6 33 33 : 1
196 5 140 : 4
41 6 6 : 0
221 42 54 : 0
196 102 102 : 1
160 159 120 : 0
4 6 33 : 0
102 78 168 : 2
122 174 45 : 0
118 6 13 : 0
45 13 195 : 0
6 174 174 : 3
140 45 3 : 0
4 4 5 : 1
4 4 4 : 46
4 4 7 : 0
4 4 6 : 0
4 4 3 : 1
45 140 3 : 0
4 308 3 : 0
146 78 142 : 0
5 220 195 : 0
146 78 146 : 0
45 3 140 : 0
4 4 168 : 1
114 4 3 : 0
114 114 120 : 0
114 4 4 : 0
102 142 142 : 0
91 195 196 : 1
102 142 146 : 0
7 308 4 : 0
6 5 91 : 9
13 13 195 : 4
265 78 5 : 0
163 146 163 : 0
125 3 45 : 0
195 6 3 : 2
125 125 180 : 0
195 6 6 : 1
195 6 5 : 3
6 5 192 : 6
6 265 168 : 0
3 4 168 : 7
6 5 197 : 3
78 168 102 : 10
78 102 6 : 0
3 5 192 : 4
78 102 4 : 0
91 197 192 : 0
3 5 197 : 10
3 5 195 : 4
142 3 78 : 0
57 175 175 : 0
301 301 295 : 11
7 195 120 : 0
195 265 168 : 4
201 199 202 : 0
4 13 265 : 2
120 114 221 : 0
5 45 45 : 0
102 5 10 : 0
102 5 13 : 0
114 195 195 : 0
4 168 168 : 14
3 5 45 : 0
192 45 195 : 0
142 3 119 : 1
168 33 4 : 0
3 5 221 : 0
85 195 265 : 0
78 3 78 : 13
3 45 195 : 0
174 102 221 : 0
5 196 5 : 7
221 27 174 : 0
196 91 6 : 1
175 174 122 : 0
196 85 195 : 0
3 175 265 : 13
3 197 192 : 22
13 13 265 : 3
192 3 195 : 0
192 3 197 : 2
192 3 3 : 9
192 3 4 : 0
192 3 5 : 8
192 3 6 : 3
192 3 7 : 0
195 33 196 : 5
195 33 195 : 7
85 102 102 : 0
6 102 221 : 0
78 5 33 : 0
78 265 240 : 0
192 5 91 : 1
168 102 6 : 5
119 3 6 : 0
168 102 3 : 2
195 6 197 : 0
5 6 192 : 3
4 4 78 : 20
4 33 78 : 0
5 6 197 : 4
5 6 195 : 2
91 11 45 : 0
78 265 196 : 0
266 265 102 : 0
175 4 175 : 0
33 197 140 : 0
175 54 54 : 0
174 13 33 : 0
5 197 196 : 0
5 6 174 : 0
221 221 42 : 0
102 91 102 : 0
195 13 175 : 0
3 102 240 : 0
78 78 6 : 0
140 42 120 : 0
5 192 33 : 0
104 3 265 : 20
221 221 41 : 0
119 146 175 : 0
199 5 140 : 0
162 3 176 : 0
33 3 91 : 0
125 192 125 : 0
309 5 309 : 0
7 175 7 : 0
340 3 168 : 4
6 78 168 : 0
3 195 220 : 0
104 146 142 : 6
78 196 78 : 0
6 192 33 : 0
102 4 102 : 0
6 4 63 : 0
102 5 197 : 0
54 140 5 : 0
54 140 3 : 0
13 168 102 : 7
201 13 5 : 0
4 142 195 : 0
197 6 174 : 0
91 199 195 : 0
6 142 3 : 0
311 78 196 : 0
197 78 265 : 0
196 196 85 : 0
174 174 11 : 3
174 174 13 : 0
4 195 3 : 0
4 195 4 : 0
4 195 5 : 0
102 102 33 : 0
192 197 6 : 0
118 195 38 : 0
191 122 174 : 0
5 5 175 : 0
125 102 102 : 0
197 4 3 : 0
3 221 6 : 0
6 4 168 : 0
78 78 219 : 0
6 6 12 : 0
33 196 195 : 7
3 102 265 : 0
195 196 10 : 0
114 120 195 : 0
307 175 5 : 0
6 195 91 : 3
199 197 3 : 0
265 10 102 : 0
45 331 195 : 0
240 219 311 : 0
42 120 114 : 0
221 4 4 : 0
19 4 265 : 1
221 221 33 : 0
91 45 195 : 1
78 265 4 : 4
78 265 5 : 0
308 3 308 : 0
6 142 102 : 0
78 265 3 : 1
33 91 33 : 0
54 54 85 : 0
196 40 196 : 0
4 240 265 : 0
3 3 63 : 0
146 142 119 : 1
174 5 5 : 0
120 6 42 : 0
120 42 120 : 0
140 240 240 : 0
168 6 6 : 0
54 140 221 : 0
168 6 4 : 0
221 168 6 : 0
114 63 120 : 0
54 195 3 : 0
91 201 54 : 0
240 240 180 : 0
221 168 4 : 0
331 265 265 : 0
45 6 5 : 1
78 140 78 : 0
13 102 142 : 0
42 221 221 : 0
195 120 6 : 0
175 3 120 : 0
91 311 78 : 0
308 308 308 : 0
221 160 159 : 0
4 5 220 : 0
4 5 221 : 0
125 125 91 : 3
6 197 197 : 0
125 175 5 : 0
64 195 195 : 0
102 168 3 : 0
142 142 78 : 0
125 91 240 : 0
43 43 43 : 8
168 168 221 : 0
125 91 45 : 0
91 197 6 : 0
91 197 5 : 3
6 6 192 : 0
6 6 195 : 2
6 6 197 : 1
4 33 3 : 0
